5,37,1,966.90000,73.90426,53.76000,180.85106,1.33140,13.87115
5,38,1,923.38000,78.15957,69.12000,189.36170,1.00144,13.26687
5,39,1,910.58000,78.15957,76.80000,204.25532,0.95145,12.56558
5,40,1,895.22000,84.54255,79.36000,214.89362,0.86815,11.86241
5,41,1,892.66000,86.67021,87.04000,225.53191,0.90870,11.37473
5,42,1,884.98000,88.79787,89.60000,240.42553,0.89509,10.79926
5,43,1,882.42000,97.30851,92.16000,257.44681,0.93612,10.04368
5,44,1,864.50000,97.30851,110.08000,276.59575,0.90958,9.55628
5,45,1,874.74000,105.81915,99.84000,295.74468,0.98721,8.93467
5,46,1,892.66000,105.81915,153.60000,312.76596,1.27018,8.58940
5,118,1,629.99254,239.86382,254.08955,553.47912,0.76320,4.99523
5,119,1,691.12687,206.46421,179.58209,493.04175,0.73698,5.51666
5,120,1,727.42537,181.01690,177.67164,434.19483,0.76117,6.13288
5,121,1,759.90298,165.11233,146.04269,380.11928,0.73029,6.79507
5,122,1,798.11194,147.61730,137.55224,346.71968,0.81083,7.40525
5,123,1,815.30597,139.66501,118.44776,315.03252,0.78457,7.98002
5,124,1,834.41045,128.53181,108.89552,286.46834,0.79288,8.67501
5,125,1,842.19366,121.55259,98.94500,261.40087,0.74347,9.35412
5,126,1,849.69403,115.80815,90.83867,240.15905,0.70183,10.03220
5,127,1,856.25451,111.59261,84.15366,222.04739,0.66443,10.68677
5,128,1,861.99768,108.11396,77.68438,204.74901,0.62013,11.39216
5,129,1,867.89941,104.99357,72.16030,189.49004,0.58313,12.11044
5,129,2,662.47015,184.19781,204.41791,586.87873,0.76375,5.10750
5,130,1,874.93559,101.85284,68.31091,187.31515,0.60961,12.33094
5,130,2,717.87313,158.45752,195.07891,536.27708,0.85087,5.55672
5,131,1,777.09702,141.25547,171.94030,485.08946,0.95568,6.05417
5,132,1,786.64925,130.73127,154.74627,443.12857,0.90436,6.51065
5,133,1,819.12687,125.35089,145.19403,400.79523,0.97171,7.01519
5,134,1,819.12687,118.98907,143.28358,388.07157,0.94489,7.24352
5,135,1,977.69403,83.34385,57.31343,160.64224,1.45232,14.47237
5,135,2,843.96269,117.39861,149.01493,368.98608,1.05646,7.51414
5,136,1,891.72388,107.85586,145.19403,353.08151,1.26787,7.87882
5,137,1,905.09702,107.85586,131.82090,333.99602,1.29245,8.18040
5,138,1,922.29105,107.85586,114.62687,332.40557,1.33806,8.20589
5,145,1,950.94776,85.58946,59.22388,158.40954,1.18368,14.54405
5,156,1,672.02239,173.06461,192.95522,578.92644,0.75550,5.20842
5,157,1,723.60448,147.61730,179.58209,515.30815,0.80921,5.76864
5,158,1,756.29590,130.11495,151.73096,448.18027,0.77587,6.46228
5,159,1,786.64925,118.98907,129.91045,399.20477,0.77406,7.10385
5,160,1,823.50836,113.22880,125.66999,376.11046,0.90030,7.47294
5,161,1,843.96269,108.39744,196.77612,339.81628,1.14274,8.07903
5,162,1,895.54478,104.69670,150.92537,335.56473,1.29159,8.20684
5,200,1,937.57463,105.54247,78.32836,311.58504,1.31105,8.61514
5,201,1,884.08209,107.85586,95.52239,284.69185,1.01886,9.12329
5,202,1,864.97761,105.52725,87.88060,263.16360,0.82785,9.69047
5,203,1,866.88806,102.50135,80.23881,243.92310,0.76385,10.29255
5,204,1,874.52985,98.88639,72.59701,226.86212,0.73944,10.93122
5,205,1,877.36847,95.05893,73.57929,211.07935,0.71035,11.62785
5,206,1,893.63433,90.58830,68.77612,198.41380,0.77975,12.30767
5,207,1,895.54478,85.58946,64.95522,190.85487,0.74087,12.88295
5,208,1,917.67517,85.58946,66.93643,181.22117,0.93416,13.31780
5,209,1,956.17548,79.22763,71.19019,178.31896,1.31400,13.72090
5,210,1,885.99254,82.40855,76.41791,181.31213,0.65875,13.54023
5,211,1,884.08209,83.99901,64.95522,187.67396,0.61391,13.14117
5,212,1,889.81343,82.40855,80.23881,200.39761,0.77862,12.58076
5,213,1,885.99254,87.17992,78.32836,213.12127,0.78698,11.84137
5,214,1,891.72388,91.95129,87.88060,230.61630,0.92674,11.01289
5,215,1,882.17164,100.37717,82.14925,247.63774,0.88561,10.23505
5,216,1,866.88806,104.67495,106.98507,271.96819,0.92005,9.48994
5,217,1,863.06716,110.14649,108.89552,293.53442,0.94667,8.89321
5,218,1,855.42537,109.44632,133.19829,316.50099,1.00530,8.46290
5,219,1,882.17164,110.81627,154.74627,329.44516,1.22935,8.20811
5,239,1,838.23134,82.40855,87.88060,203.57853,0.34797,12.51824
5,240,1,851.60448,90.36083,66.86567,205.16899,0.41787,12.09499
5,241,1,849.69403,96.72266,70.68657,217.89264,0.49493,11.34667
5,242,1,840.14179,101.49404,85.97015,233.79722,0.55228,10.64806
5,243,1,822.94776,106.26541,80.23881,254.47316,0.48645,9.92314
5,244,1,807.66418,112.62724,85.97015,276.73956,0.49032,9.22374
5,245,1,771.36567,118.98907,131.82090,299.00596,0.48779,8.62856
5,246,1,744.61940,121.99868,99.34328,335.75778,0.34914,7.93593
5,247,1,698.76866,138.07455,101.25373,362.62425,0.23242,7.31387
5,248,1,666.29105,153.97913,118.44776,413.51889,0.29327,6.54595
5,249,1,631.90298,168.29324,147.51379,475.54672,0.37519,5.87865
5,250,1,582.23134,187.37873,175.76119,558.25050,0.42660,5.21241
5,391,1,715.96269,165.11233,259.82090,537.57455,0.96238,5.51560
5,392,1,813.39552,147.61730,191.04478,461.23260,1.11778,6.20726
5,393,1,819.12687,131.29732,171.94030,401.99574,1.03990,6.93600
5,394,1,847.78358,117.39861,141.37313,354.67197,1.04132,7.71496
5,395,1,838.23134,107.67690,145.19403,319.41864,0.94257,8.44401
5,396,1,870.70895,100.34862,116.53731,292.67278,1.00158,9.11402
5,397,1,872.61940,98.31312,112.71642,257.65408,0.94168,10.01049
5,398,1,893.63433,91.95129,99.34328,236.97813,0.99800,10.79618
5,399,1,885.19899,82.99966,102.04728,225.25382,0.90019,11.52005
5,400,1,901.27612,79.22763,85.97015,211.53081,0.92853,12.20651
5,401,1,901.27612,76.74053,87.88060,196.73260,0.89461,12.99434
5,402,1,935.66418,74.45626,76.41791,184.49304,1.13987,13.68572
5,422,1,914.64925,96.72266,118.44776,338.76740,1.30464,8.28705
5,423,1,845.87313,112.62724,120.35821,353.08151,0.96950,7.80886
5,424,1,773.27612,118.98907,135.64179,381.70974,0.69378,7.32044
5,425,1,706.41045,130.12227,164.29851,419.88072,0.53847,6.73708
5,448,1,685.39552,157.16004,120.35821,470.77535,0.50180,6.01236
5,450,1,687.30597,160.34095,152.83582,458.05169,0.55731,6.09401
5,451,1,689.21642,165.11233,133.73134,453.28032,0.52677,6.09213
5,484,1,753.18123,127.14706,123.25907,336.97123,0.47940,7.83550
5,485,1,765.63433,121.82207,110.80597,320.02982,0.45665,8.19663
5,486,1,776.39884,116.60101,101.95190,295.03219,0.40825,8.75633
5,487,1,785.86681,109.44632,98.21528,278.33002,0.38140,9.26618
5,488,1,794.77078,106.83352,102.68445,263.44779,0.39832,9.68363
5,489,1,803.84328,102.80131,87.88060,255.39782,0.36725,10.00160
5,490,1,814.47565,99.22379,84.00026,248.79112,0.39394,10.28374
5,491,1,826.56343,95.80048,80.60339,232.34488,0.39862,10.89462
5,492,1,826.76866,92.63583,84.05970,222.02496,0.35918,11.36405
5,493,1,838.23134,89.83432,80.23881,210.46688,0.37916,11.90699
5,494,1,847.78358,87.50041,80.44079,206.27638,0.43703,12.16486
5,495,1,859.24627,85.73857,68.77612,201.83897,0.46184,12.42688
5,496,1,859.24627,84.30461,65.31501,199.08282,0.42727,12.62081
5,496,2,970.05224,76.19721,57.31343,180.07968,1.38102,13.77453
5,497,1,859.24627,82.96905,61.52207,196.84754,0.39277,12.79248
5,497,2,956.67910,77.79084,64.95522,176.89243,1.28546,13.88643
5,498,1,859.24627,81.85843,57.93131,195.05097,0.36143,12.93677
5,498,2,966.23134,74.60359,55.40299,188.04781,1.33913,13.44230
5,499,1,859.24627,81.09926,55.07679,193.61095,0.33649,13.04860
5,499,2,966.23134,77.12683,55.40299,190.30544,1.34269,13.19695
5,500,1,859.24627,80.81809,53.49254,192.44533,0.32126,13.12311
5,500,2,950.94776,80.97809,66.86567,188.04781,1.25474,13.13655
5,501,1,859.63224,80.81809,52.77435,191.42905,0.31624,13.17482
5,501,2,956.67910,79.38446,61.13433,192.82869,1.28464,12.97429
5,502,1,860.63880,80.81809,52.19676,190.54090,0.31874,13.21893
5,502,2,967.50497,81.50930,56.03980,192.29748,1.36171,12.88205
5,503,1,862.03891,80.81809,51.81195,189.85441,0.32720,13.25187
5,503,2,966.23134,82.97012,55.40299,189.24303,1.34611,12.96145
5,504,1,863.60551,80.81809,51.67209,189.44315,0.34003,13.27003
5,504,2,966.23134,79.38446,55.40299,192.82869,1.34611,12.96145
5,505,1,864.97761,80.81809,51.58209,189.26441,0.35238,13.27650
5,505,2,966.23134,79.38446,57.31343,192.82869,1.35487,12.95962
5,506,1,866.20038,81.03533,51.79130,190.26445,0.37175,13.21076
5,506,2,973.87313,79.38446,47.76119,192.82869,1.38110,12.95414
5,507,1,867.44398,81.65578,52.39982,193.13899,0.40406,13.03068
5,507,2,952.85821,80.97809,66.86567,192.82869,1.27741,12.89940
5,508,1,868.70907,82.63255,53.37898,197.69964,0.44659,12.75790
5,508,2,949.03731,84.16534,57.31343,194.42231,1.20460,12.69050
5,509,1,857.33582,83.91877,64.95522,187.75419,0.35096,13.19635
5,509,2,933.75373,80.97809,68.77612,199.20319,1.12059,12.63410
5,510,1,859.24627,85.46755,68.39475,198.92907,0.44622,12.57150
5,510,2,943.30597,81.01088,66.86567,207.13852,1.20796,12.26721
5,511,1,851.60448,87.23200,68.77612,208.29782,0.42645,12.09355
5,511,2,945.21642,87.35259,68.77612,213.54582,1.24630,11.74439
5,512,1,843.96269,91.95129,68.77612,216.30219,0.41328,11.59266
5,512,2,939.48508,85.75896,68.77612,221.51394,1.20626,11.51041
5,513,1,828.67910,98.31312,72.59701,229.02585,0.38027,10.92343
5,513,2,943.30597,90.53984,72.59701,226.29482,1.26139,11.16246
5,514,1,815.30597,104.67495,76.41791,240.15905,0.35955,10.37993
5,514,2,931.84328,95.32072,87.88060,240.63745,1.24952,10.54868
5,515,1,807.66418,107.85586,89.79104,257.65408,0.42743,9.80303
5,515,2,933.75373,103.28884,84.05970,251.79283,1.26529,10.00476
5,516,1,803.84328,106.26541,87.88060,275.14911,0.44669,9.40930
5,516,2,931.84328,101.69522,93.61194,266.13546,1.29368,9.67543
5,517,1,805.75373,109.44632,106.98507,302.18688,0.60559,8.74829
5,517,2,928.02239,104.88247,93.61194,275.69721,1.27753,9.37370
5,518,1,836.32090,107.85586,105.07463,311.72962,0.80165,8.58713
5,518,2,916.55970,104.88247,101.25373,285.25896,1.23658,9.16300
5,519,1,884.08209,109.44632,84.05970,329.22465,1.04420,8.23879
5,520,1,903.18657,109.44632,137.55224,330.81511,1.29676,8.20673
5,522,1,842.05224,109.66335,93.61194,291.63347,0.76533,8.95101
5,523,1,842.05224,109.66335,93.61194,291.63347,0.76533,8.95101
5,524,1,842.05224,109.66335,93.61194,291.63347,0.76533,8.95101
5,525,1,842.05224,109.66335,93.61194,291.63347,0.76533,8.95101
5,526,1,842.05224,109.66335,93.61194,291.63347,0.76533,8.95101
5,527,1,842.05224,109.66335,93.61194,291.63347,0.76533,8.95101
5,528,1,842.05224,109.66335,93.61194,291.63347,0.76533,8.95101
5,529,1,842.05224,109.66335,93.61194,291.63347,0.76533,8.95101
5,530,1,842.05224,109.66335,93.61194,291.63347,0.76533,8.95101
5,531,1,842.05224,109.66335,93.61194,291.63347,0.76533,8.95101
5,532,1,842.05224,109.66335,93.61194,291.63347,0.76533,8.95101
5,533,1,842.05224,109.66335,93.61194,291.63347,0.76533,8.95101
5,536,1,798.11194,238.74701,208.23881,561.75299,1.19820,5.00649
5,537,1,824.85821,219.62351,192.95522,541.83267,1.23938,5.20471
5,538,1,859.24627,197.31275,160.47761,494.02390,1.27100,5.61314
5,538,2,642.54147,166.45745,181.69059,599.14894,0.65931,5.12579
5,539,1,842.05224,179.78287,164.29851,444.62151,1.18596,6.08424
5,539,2,654.79027,157.94681,169.44179,522.55319,0.56498,5.62769
5,540,1,864.97761,163.84661,141.37313,406.37450,1.20006,6.55901
5,540,2,699.70255,151.13830,142.11507,508.93617,0.64909,5.77721
5,541,1,724.20016,134.11702,142.11507,462.12766,0.64885,6.29033
5,542,1,744.61483,125.60638,133.94920,431.48936,0.65446,6.66703
5,543,1,773.19538,117.09574,122.48804,424.68085,0.73168,6.83262
5,544,1,802.61082,116.99123,108.07388,387.36842,0.77634,7.27472
5,545,1,797.69298,111.98936,118.40510,363.40425,0.72796,7.66689
5,546,1,924.20149,124.00598,76.41791,278.88446,1.21758,8.89648
5,546,2,811.98325,110.28723,140.86124,353.19149,0.84175,7.84317
5,547,1,757.99254,119.22510,103.16418,298.00797,0.31526,8.64956
5,547,2,850.77113,100.07447,112.28070,337.87234,0.93624,8.25348
5,548,1,750.35075,120.81873,99.34328,296.41434,0.25598,8.65173
5,548,2,871.18580,100.07447,112.28070,336.17021,1.04810,8.28013
5,549,1,763.72388,117.63147,85.97015,299.60159,0.29751,8.65021
5,549,2,897.72488,93.26596,123.74187,315.74468,1.20582,8.77494
5,550,1,765.63433,119.22510,95.52239,301.19522,0.34899,8.58691
5,550,2,922.22249,86.45745,102.07336,307.23404,1.27655,9.08444
5,551,1,765.63433,119.22510,105.07463,310.75697,0.40670,8.40697
5,551,2,922.22249,89.86170,91.07839,283.40425,1.22648,9.54850
5,552,1,765.63433,124.00598,112.71642,315.53785,0.45594,8.23632
5,552,2,922.22249,91.19085,79.61723,277.81978,1.18495,9.65486
5,553,1,782.82836,125.59960,128.00000,333.06773,0.64138,7.91888
5,553,2,928.34689,82.68022,86.99545,265.90489,1.23253,10.18480
5,554,1,807.66418,131.97410,149.01493,356.97211,0.87892,7.47808
5,554,2,936.51276,82.68022,89.03692,248.88361,1.28444,10.67901
5,555,1,830.58955,136.75498,200.59701,379.28287,1.14245,7.13781
5,556,1,845.87313,131.97410,173.85075,382.47012,1.15007,7.15705
5,557,1,822.94776,131.97410,124.17910,364.94024,0.90413,7.37244
5,557,2,956.67910,77.94681,61.13433,211.06383,1.29971,12.21428
5,558,1,809.57463,131.97410,95.52239,360.15936,0.75961,7.43408
5,558,2,950.80303,69.27193,67.01040,219.73871,1.27441,12.21880
5,559,1,803.84328,125.59960,89.79104,350.59761,0.68693,7.65525
5,559,2,944.67863,74.54255,73.13480,202.55319,1.23495,12.75337
5,560,1,803.84328,122.41235,106.98507,353.78486,0.73172,7.65531
5,560,2,897.45522,90.53984,49.67164,162.54980,0.59597,14.14785
5,560,3,950.80303,74.54255,67.01040,192.34043,1.25167,13.24450
5,561,1,803.84328,124.00598,122.26866,352.19124,0.77140,7.65536
5,561,2,914.64925,88.94621,57.31343,162.54980,0.81093,14.18760
5,562,1,803.84328,125.59960,91.70149,350.59761,0.69191,7.65525
5,562,2,945.21642,85.75896,57.31343,160.95618,1.11824,14.39446
5,563,1,800.02239,124.00598,85.97015,349.00398,0.65058,7.70157
5,563,2,971.96269,82.57171,61.13433,157.76892,1.41112,14.71220
5,564,1,771.36567,130.38048,101.25373,342.62948,0.53934,7.70162
5,565,1,879.35168,111.98936,116.36364,296.17021,1.07385,8.79741
5,565,2,771.36567,127.19323,108.89552,345.81673,0.55963,7.70161
5,566,1,856.89553,103.47872,102.07336,277.44681,0.84606,9.39437
5,566,2,765.63433,127.19323,99.34328,344.22311,0.49993,7.72521
5,567,1,784.73881,131.97410,91.70149,349.00398,0.60204,7.58669
5,568,1,798.11194,131.97410,129.91045,352.19124,0.77513,7.54285
5,569,1,822.94776,135.16135,139.46269,371.31474,0.95332,7.25097
5,570,1,813.39552,149.50398,149.01493,414.34263,0.99463,6.61247
5,571,1,777.09702,163.84661,162.38806,466.93227,0.94179,6.01819
5,572,1,930.38836,76.24468,71.45136,187.23404,1.07205,13.45964
5,572,2,662.47015,182.97012,227.34328,494.02390,0.69187,5.66158
5,573,1,526.82836,200.50000,284.65672,557.76892,0.44321,5.14397
5,574,1,551.66418,219.62351,183.40299,578.48606,0.42174,4.93614
5,647,1,922.29105,74.60359,84.05970,188.04781,1.05292,13.50750
5,648,1,908.91791,77.79084,64.95522,196.01594,0.85938,12.98544
5,649,1,880.26119,82.57171,84.05970,208.76494,0.73559,12.21597
5,650,1,880.26119,85.75896,76.41791,219.92032,0.74539,11.63990
5,651,1,863.06716,90.53984,87.88060,237.45020,0.71565,10.86086
5,652,1,861.15672,93.72709,89.79104,259.76096,0.77397,10.09322
5,653,1,855.42537,98.50797,101.25373,275.69721,0.81999,9.55551
5,654,1,876.44030,103.28884,124.17910,291.63347,1.06371,9.06986
5,655,1,907.00746,111.25697,147.10448,317.13147,1.33809,8.40946
5,703,1,967.13477,72.84043,65.32695,187.23404,1.39372,13.56565
5,704,1,925.55730,79.40978,68.35692,191.82729,1.02653,13.07595
5,705,1,887.71371,85.44264,74.33913,200.16374,0.74107,12.46271
5,706,1,853.92230,90.89068,84.63193,213.84038,0.55302,11.70568
5,707,1,830.83847,95.78751,84.58183,231.59047,0.44578,10.91406
5,708,1,820.48460,99.87308,88.09793,250.69664,0.46312,10.20400
5,709,1,816.06619,104.00245,95.94896,270.11457,0.53489,9.57832
5,710,1,831.49607,110.37669,116.38534,289.71609,0.76801,8.97602
5,711,1,863.01994,114.45136,132.48678,307.66389,1.04212,8.53179
5,735,1,587.19229,207.33850,203.85924,560.08182,0.52097,5.10249
5,736,1,632.27098,188.21332,191.50489,529.73349,0.57954,5.38840
5,737,1,671.12201,164.75532,179.64912,481.19686,0.59124,5.87751
5,738,1,722.61080,151.29233,163.33580,435.59065,0.67153,6.37667
5,739,1,774.26857,141.08217,149.99538,427.07740,0.83482,6.56297
5,740,1,811.74908,132.13727,145.06468,399.61305,0.94412,6.95053
5,741,1,850.91872,124.28411,140.71366,367.27972,1.07544,7.44475
5,742,1,871.84046,117.55831,131.43546,347.10778,1.13225,7.82364
5,743,1,887.15318,111.44558,119.50469,331.24559,1.16248,8.16899
5,744,1,900.18095,106.02626,111.86610,315.75033,1.19613,8.53293
5,745,1,912.43423,101.23970,109.68920,299.00347,1.24481,8.94917
5,746,1,923.19170,96.94413,108.36185,282.60076,1.29302,9.39642
5,747,1,932.42983,93.09820,106.15630,267.42072,1.33485,9.85618
5,748,1,941.69261,88.99240,97.18529,253.61191,1.35837,10.34113
5,749,1,946.72010,86.70406,89.82456,241.45551,1.36078,10.77643
5,750,1,946.32536,86.89133,90.21930,231.20083,1.35386,11.10696
5,751,1,945.31659,87.07860,91.22807,222.45713,1.34491,11.40732
5,752,1,940.09729,83.04571,96.44737,215.22519,1.31612,11.83522
5,753,1,935.49203,78.51909,101.05263,208.78942,1.28764,12.28863
5,754,1,938.35928,77.94647,98.49582,203.07495,1.29601,12.56222
5,755,1,943.56486,77.40287,92.97979,196.90573,1.31226,12.86842
5,756,1,948.92123,75.41597,83.54049,188.06275,1.30886,13.40610
5,863,1,928.22650,72.48216,75.65468,185.95708,1.06145,13.73207
5,864,1,906.25607,75.82414,74.70025,196.16522,0.87536,13.07074
5,865,1,894.30048,79.43858,77.22503,208.01891,0.81921,12.36730
5,866,1,905.92327,83.25004,82.59959,220.91952,0.98269,11.66070
5,867,1,903.31236,87.28783,89.68996,234.59509,1.02306,11.02327
5,868,1,907.23845,91.63860,99.15861,248.57330,1.11594,10.43659
5,869,1,911.16454,96.31560,104.96544,264.18440,1.18730,9.86933
5,870,1,910.31054,101.55247,97.65358,284.47944,1.18271,9.25664
5,871,1,907.98800,107.36438,110.18345,304.21700,1.22835,8.72391
5,872,1,903.59957,104.78354,112.53042,335.71646,1.23126,8.20409
5,873,1,937.46819,110.32252,109.28381,331.87961,1.40588,8.17243
5,874,1,900.23894,113.16235,146.51305,324.73571,1.30383,8.24621
5,875,1,826.28612,115.46886,121.60753,316.82543,0.81474,8.35467
5,876,1,772.44233,118.01793,96.70201,312.26930,0.42317,8.40098
5,877,1,769.27134,122.07739,124.37061,314.95412,0.50415,8.27894
5,878,1,834.43939,113.84301,163.31738,318.17547,0.97964,8.35526
5,879,1,927.07434,105.60862,99.26299,322.97649,1.31675,8.40660
5,880,1,924.70326,110.03279,108.14552,327.88995,1.33255,8.24517
5,881,1,883.43461,119.12498,124.52951,334.99204,1.16573,7.98481
5,882,1,842.86923,132.31522,143.18837,368.83238,1.05187,7.31981
5,883,1,803.05579,147.69192,161.37872,422.16978,0.98305,6.55285
5,884,1,769.12477,162.05640,174.71562,481.54664,0.94733,5.91994
5,885,1,726.24163,180.25294,190.59284,541.09813,0.89738,5.39620
5,915,1,922.68436,74.38684,61.18838,178.86403,0.91977,14.05810
5,915,2,955.55144,70.75943,72.13082,190.85739,1.31609,13.50187
5,916,1,903.19983,74.14772,67.94325,183.26570,0.76730,13.85879
5,916,2,944.67863,72.63247,77.48303,193.89048,1.24285,13.26465
5,917,1,888.06913,80.79683,72.94123,188.47060,0.68272,13.24728
5,917,2,941.47596,74.75616,77.02638,197.82043,1.21803,12.97065
5,918,1,879.98599,80.66043,75.83717,194.91785,0.64171,12.94439
5,918,2,939.32398,77.15512,76.26530,202.77723,1.20416,12.62917
5,919,1,871.60081,80.64095,78.46737,202.19197,0.60216,12.61298
5,919,2,937.24138,80.10468,75.50421,208.88838,1.19385,12.23396
5,920,1,862.23888,82.92561,80.76860,210.30482,0.56635,12.16560
5,920,2,934.95802,82.89610,75.04756,216.32730,1.18528,11.81928
5,921,1,853.90221,86.24059,82.98158,219.41942,0.54917,11.67063
5,921,2,931.34674,84.76734,77.96036,225.34024,1.18101,11.41075
5,922,1,849.23918,87.92472,85.23530,229.66273,0.56199,11.23188
5,922,2,926.83302,86.31501,84.55840,235.54448,1.18531,11.00289
5,923,1,843.67902,89.50111,87.70449,241.31454,0.57184,10.78710
5,923,2,922.45741,88.15957,91.63110,246.80851,1.19351,10.58502
5,924,1,827.29426,91.56383,90.84529,255.31915,0.51152,10.30471
5,924,2,919.02214,90.69954,98.25158,259.47271,1.20811,10.14324
5,925,1,821.20199,92.89417,95.19589,268.46701,0.52939,9.90299
5,925,2,914.86821,93.81534,105.69597,274.03621,1.22150,9.68058
5,926,1,802.82163,97.15479,100.62328,283.13658,0.47934,9.43363
5,926,2,906.88038,97.45649,114.99038,290.21705,1.21707,9.21816
5,927,1,783.24559,103.55351,106.93579,297.79755,0.43597,8.96596
5,927,2,895.15403,101.62718,125.69397,307.93901,1.19687,8.76443
5,928,1,774.89592,110.85934,114.45929,310.91725,0.46703,8.55715
5,928,2,881.85380,106.25281,135.70024,327.61720,1.17023,8.31813
5,929,1,756.52087,116.77207,121.21593,330.07887,0.44769,8.11235
5,929,2,869.14434,111.25877,142.90271,349.66676,1.14473,7.87993
5,930,1,735.88774,122.69468,129.17366,353.56610,0.43275,7.65399
5,930,2,857.12052,116.75798,146.45482,375.60153,1.12045,7.43465
5,931,1,722.29139,130.04404,142.68925,381.32689,0.48153,7.18119
5,931,2,845.32323,123.40738,150.39208,407.30539,1.10697,6.96687
5,932,1,695.61116,143.94632,138.82823,415.02549,0.45072,6.63954
5,932,2,836.05134,132.25895,160.14008,450.84271,1.12830,6.43437
5,933,1,660.40715,153.74502,148.46146,443.13982,0.39801,6.27103
5,933,2,827.23276,142.88715,177.09821,501.79460,1.16629,5.92700
5,934,1,631.66133,164.56729,166.03165,475.08165,0.40218,5.91293
5,934,2,813.64470,153.81714,200.44382,545.40626,1.18861,5.55638
5,935,1,563.34632,189.64674,184.62730,530.00219,0.33373,5.35626
5,935,2,779.31978,164.75532,244.97608,575.31915,1.16961,5.31342
5,975,1,934.47129,62.18344,78.26229,180.11883,1.10692,14.67149
5,976,1,905.89075,58.15814,77.57576,190.00143,0.81436,14.38617
5,977,1,891.98732,82.60312,78.12477,174.06709,0.70178,13.91624
5,978,1,874.26054,88.57593,85.79447,177.60667,0.59799,13.42421
5,979,1,860.97847,91.96276,94.15680,184.60498,0.55133,12.91512
5,980,1,857.20698,94.66180,95.63752,193.83196,0.57011,12.36725
5,981,1,854.40968,97.09402,112.72509,204.64076,0.66768,11.80410
5,982,1,850.77113,100.07447,91.86603,214.75177,0.59244,11.32546
5,983,1,842.64993,105.15633,97.36213,222.47892,0.59138,10.88768
5,984,1,834.86389,107.91856,122.06354,232.89338,0.66651,10.46709
5,985,1,827.36355,112.90599,121.25505,245.21628,0.65671,9.97813
5,986,1,820.14912,119.12081,120.44657,260.10259,0.65959,9.44676
5,987,1,813.30332,124.68332,121.91777,279.30993,0.68022,8.89928
5,988,1,806.69974,130.14775,125.90088,302.42639,0.71492,8.35229
5,989,1,800.18608,136.74000,131.75013,327.95241,0.75684,7.82523
5,990,1,793.61005,145.68600,138.81978,354.38847,0.80071,7.33003
5,991,1,786.93648,162.96513,151.61774,383.06679,0.86486,6.79115
5,992,1,769.37262,174.93299,164.50597,429.35742,0.88815,6.23289
5,993,1,738.37775,188.39324,179.76181,480.54895,0.86948,5.73084
5,994,1,676.20551,214.90788,203.14617,522.78818,0.76999,5.28957
5,1034,1,924.26396,72.08356,94.76173,194.00375,1.13012,13.31168
5,1035,1,924.26396,79.12387,79.46331,199.67400,1.08062,12.70523
5,1036,1,907.98956,85.06516,87.72575,209.62136,1.00305,12.03077
5,1037,1,898.04987,87.81398,90.80823,223.62660,0.96622,11.39388
5,1038,1,889.45015,90.14736,93.74716,239.71435,0.94648,10.77272
5,1039,1,879.75212,93.40481,100.57523,256.32347,0.93779,10.18176
5,1040,1,856.32287,97.44356,109.44251,276.67346,0.85325,9.55523
5,1041,1,842.60526,103.13830,118.40510,308.42553,0.86442,8.73910
5,1042,1,822.82201,110.70992,129.95412,335.25948,0.84237,8.12048
5,1043,1,797.31542,118.89920,141.23880,364.15399,0.79808,7.55843
5,1044,1,762.56695,126.51426,149.44820,405.47500,0.72907,6.94162
5,1045,1,728.49494,140.37469,180.94010,451.61467,0.74014,6.33348
5,1046,1,683.39491,159.44965,171.45916,505.56128,0.65006,5.74191
5,1047,1,611.64025,183.93749,237.08942,586.77527,0.65534,5.09856
5,1130,1,657.27691,199.40058,253.88064,601.09942,0.85157,4.96988
5,1131,1,727.37518,163.20942,209.13757,527.50335,0.90404,5.58711
5,1132,1,779.44532,141.69740,172.43292,458.23124,0.93952,6.27361
5,1133,1,832.39793,125.36692,153.36268,400.83986,1.05115,7.01658
5,1134,1,854.85407,111.98469,154.09392,364.43193,1.11397,7.65269
5,1135,1,860.97847,105.64308,173.64851,334.85692,1.16548,8.20542
5,1196,1,600.74094,240.86039,221.44965,546.87365,0.61774,5.00786
5,1197,1,673.88959,213.63957,198.53360,506.00936,0.73437,5.39185
5,1198,1,718.78734,196.93645,185.30901,468.84524,0.80539,5.74813
5,1199,1,753.63131,179.01064,176.75704,431.70213,0.85731,6.17634
5,1200,1,778.43333,159.64894,172.42567,394.58289,0.88362,6.70555
5,1201,1,772.85191,151.13830,167.74378,363.97988,0.79359,7.14140
5,1202,1,802.74664,146.79787,148.05639,350.00293,0.86339,7.37342
5,1203,1,804.06082,139.22340,148.78367,342.60848,0.84972,7.57571
5,1204,1,803.32082,140.31139,147.39582,339.88004,0.83990,7.59869
5,1205,1,801.84032,142.21915,145.52716,338.31894,0.82809,7.59377
5,1206,1,799.89210,144.37763,144.59026,337.15656,0.81732,7.57974
5,1207,1,797.33454,146.66860,143.85771,336.26229,0.80465,7.56017
5,1208,1,794.65536,147.73404,143.56188,335.90455,0.79141,7.55025
5,1209,1,791.44732,147.46809,143.70468,336.02240,0.77518,7.55222
5,1210,1,787.74032,146.88298,144.01884,336.28166,0.75650,7.55666
5,1211,1,784.67767,146.29787,144.33300,336.54092,0.74107,7.56113
5,1212,1,783.40271,146.03191,144.47580,336.65877,0.73464,7.56317
5,1213,1,793.65479,147.38365,141.75493,334.97922,0.77958,7.56797
5,1214,1,812.69436,150.62368,136.70187,330.96882,0.86255,7.57911
5,1215,1,822.94644,154.52926,133.98099,326.16992,0.90646,7.59180
5,1216,1,818.10766,159.64894,140.86124,320.00000,0.89788,7.60652
5,1217,1,818.10766,159.64894,140.86124,320.00000,0.89788,7.60652
5,1218,1,820.06205,153.69149,140.65542,324.25532,0.90494,7.63061
5,1219,1,823.15816,147.73404,140.17012,328.51064,0.91718,7.65487
5,1220,1,825.34708,147.89953,139.07381,328.45548,0.92574,7.65330
5,1221,1,827.32587,149.05792,137.24730,328.06935,0.93223,7.64231
5,1222,1,829.27335,150.28723,135.02756,327.65957,0.93759,7.63068
5,1223,1,830.88854,151.51655,132.89325,327.24980,0.94146,7.61910
5,1224,1,831.99041,152.46218,131.28762,326.93459,0.94380,7.61022
5,1225,1,832.39793,152.84043,130.65391,326.80851,0.94459,7.60667
5,1226,1,830.47333,146.03191,130.65391,334.18131,0.93556,7.59872
5,1227,1,827.04224,139.22340,130.65391,341.55412,0.91891,7.59075
5,1228,1,823.26430,146.88298,130.65391,334.18131,0.90013,7.58666
5,1229,1,820.15419,154.54255,130.65391,326.80851,0.88474,7.58258
5,1230,1,818.57194,154.27660,130.65391,326.80851,0.87632,7.58627
5,1231,1,821.35446,153.69149,137.61444,326.80851,0.90733,7.59459
5,1232,1,816.72722,153.08865,135.63495,326.80851,0.87788,7.60296
5,1233,1,816.06619,152.84043,130.65391,326.80851,0.86143,7.60641
5,1234,1,830.35646,152.84043,116.36364,326.80851,0.89788,7.60652
5,1235,1,852.81260,149.43617,130.65391,326.80851,1.04416,7.65504
5,1397,1,767.83652,123.76241,100.15949,255.67376,0.23564,9.47039
5,1411,1,761.87719,124.93378,131.63090,255.18873,0.30550,9.44927
5,1412,1,762.98804,122.10139,137.92433,259.33780,0.33932,9.41578
5,1413,1,808.15550,120.50000,105.90112,262.12766,0.53995,9.37481
5,1414,1,807.13055,119.97259,108.41747,261.80317,0.53904,9.39476
5,1415,1,805.16426,119.66566,110.93383,261.17588,0.53157,9.41718
5,1416,1,802.74006,119.43763,105.55277,260.39340,0.49405,9.44355
5,1417,1,800.08410,119.27278,100.17171,259.51094,0.45450,9.47115
5,1418,1,797.36287,119.13678,103.14574,258.63502,0.44284,9.49620
5,1419,1,794.76712,119.02374,108.66894,257.77825,0.44083,9.51972
5,1420,1,793.61005,118.95387,111.64298,257.18042,0.44093,9.53588
5,1421,1,804.26149,118.92493,101.16726,256.89422,0.47706,9.54098
5,1422,1,806.29401,118.94279,104.17812,257.02482,0.50173,9.53563
5,1423,1,807.36591,119.00638,111.35786,257.45680,0.53504,9.52129
5,1424,1,808.04320,119.13069,119.92722,258.25042,0.57139,9.49667
5,1425,1,808.89186,119.33072,127.10696,259.46592,0.60528,9.46056
5,1426,1,810.47788,119.62147,130.11782,261.16357,0.63130,9.41189
5,1427,1,814.45225,123.98457,129.95762,272.26011,0.69481,9.06135
5,1428,1,820.04010,131.20447,129.55026,269.86405,0.73959,8.95703
5,1429,1,825.20732,135.94484,128.65373,267.46799,0.77392,8.90683
5,1430,1,828.38481,134.11657,118.94854,269.71450,0.76440,8.89868
5,1431,1,830.74268,130.02812,109.85302,273.68156,0.75056,8.90182
5,1432,1,832.39793,122.20213,118.40510,277.44681,0.77906,8.98477
5,1433,1,828.25651,123.37234,117.69803,275.06405,0.74829,9.01188
5,1434,1,824.98698,124.54255,117.13982,273.13165,0.72423,9.02928
5,1435,1,823.24322,125.71277,116.84211,271.90957,0.71214,9.03101
5,1436,1,822.56510,127.01432,116.72633,271.17805,0.70877,9.01907
5,1437,1,822.10494,128.31587,116.64776,270.63690,0.70735,9.00305
5,1438,1,821.93541,129.22340,116.61882,270.42553,0.70776,8.98835
5,1439,1,824.26100,129.67829,117.00969,273.78759,0.73200,8.90771
5,1440,1,829.91136,129.98135,117.86961,281.39457,0.78572,8.74601
5,1441,1,836.89687,130.27777,118.72953,289.52767,0.84585,8.58146
5,1442,1,843.22791,130.71277,119.12040,294.46808,0.89315,8.48027
5,1443,1,848.58022,131.52897,108.34722,295.93640,0.89662,8.43868
5,1444,1,631.09348,150.92805,250.29966,386.13743,0.36131,6.87308
5,1445,1,733.57635,130.13444,200.89494,385.25917,0.68561,7.13575
5,1446,1,788.12934,123.90426,168.79809,365.95481,0.83203,7.46534
5,1447,1,836.65970,117.37910,201.92643,356.45308,1.14061,7.68953
5,1677,1,960.72107,74.81875,71.74065,193.95211,1.36838,13.12472
5,1678,1,933.49602,77.79868,79.87936,202.29188,1.16821,12.62897
5,1679,1,909.97368,80.36010,85.74163,212.05479,1.00712,12.12351
5,1680,1,893.47878,83.36177,91.89908,222.91976,0.92231,11.59021
5,1681,1,880.02856,86.48376,97.64355,234.89283,0.87055,11.06022
5,1682,1,867.40581,89.77038,103.43949,248.34223,0.83394,10.53001
5,1683,1,853.39327,93.26596,109.75133,263.63614,0.79766,9.99834
5,1684,1,838.27767,96.74765,116.72476,282.71353,0.76851,9.43378
5,1685,1,820.04576,101.26596,124.63287,305.19149,0.73595,8.84642
5,1686,1,791.51468,109.85316,134.44314,330.64684,0.66902,8.21550
5,1691,1,563.50279,180.07447,195.40231,546.38298,0.36481,5.31796
5,1692,1,822.84561,194.53840,227.98931,605.96160,1.29808,5.01704
5,1693,1,809.90805,180.87059,253.17569,545.58686,1.27384,5.40014
5,1694,1,825.10038,170.50026,174.69787,521.91464,1.18044,5.59880
5,1695,1,817.06544,162.32452,143.94493,487.55471,1.07226,5.88201
5,1696,1,772.28408,148.61898,205.05802,453.58315,0.97828,6.25600
5,1697,1,781.83893,140.24656,177.12997,427.48079,0.92435,6.57112
5,1698,1,801.77592,140.76169,148.74925,406.97236,0.92633,6.77519
5,1699,1,805.85885,134.62175,184.80233,372.26123,0.98046,7.24635
5,1700,1,838.80078,126.36411,174.66150,359.62551,1.09401,7.51976
5,1702,1,884.55590,114.45046,149.94729,340.86021,1.23947,7.96535
5,1703,1,889.99425,111.34059,120.01133,331.73628,1.17962,8.16229
5,1704,1,909.50464,103.49086,133.40200,318.52646,1.31058,8.52472
5,1705,1,891.79346,105.98322,146.79266,303.39512,1.23909,8.76631
5,1706,1,892.42367,103.36703,123.70631,288.27533,1.15777,9.13501
5,1707,1,893.08812,100.71895,105.14380,273.63534,1.08308,9.53289
5,1708,1,894.02517,97.94015,95.56574,260.85772,1.03566,9.92688
5,1709,1,897.24259,94.38152,95.69052,250.84932,1.03819,10.29894
5,1710,1,903.11975,90.11825,95.98807,242.04793,1.06239,10.68644
5,1711,1,909.71798,86.00944,96.34322,234.08838,1.09607,11.07366
5,1712,1,915.09861,82.91416,96.64077,226.60548,1.12462,11.44034
5,1713,1,917.32297,81.69149,96.76555,219.23404,1.13106,11.76178
5,1714,1,913.03665,82.44187,96.41146,212.00664,1.08329,12.02684
5,1715,1,908.75034,83.19226,95.68284,205.46025,1.03255,12.27734
5,1716,1,912.62990,82.59293,94.64415,199.68197,1.05036,12.55304
5,1717,1,916.50946,81.28380,93.25192,194.59028,1.06740,12.84421
5,1718,1,909.72941,78.95593,91.52168,190.34583,0.98198,13.18137
5,1719,1,920.66506,75.61627,85.18274,186.42418,1.04124,13.54253
5,1720,1,940.11565,72.62372,80.09727,183.49079,1.19780,13.82778
5,1721,1,958.96890,71.13830,81.65869,182.12766,1.39003,13.94058
5,1750,1,586.30390,189.47670,237.92815,564.21479,0.55381,5.17970
5,1751,1,646.01832,166.78025,209.41348,528.56229,0.62641,5.53418
5,1752,1,717.88104,152.76920,185.95364,478.04014,0.76056,6.00615
5,1753,1,764.90606,140.25355,162.49839,423.61280,0.81577,6.60476
5,1754,1,799.30902,128.78615,149.45254,376.39470,0.86197,7.26571
5,1755,1,822.15701,118.56509,151.10216,346.92420,0.92549,7.81236
5,1756,1,840.02216,109.33212,142.80769,323.31589,0.95404,8.34486
5,1757,1,855.38967,101.40172,128.07684,301.65147,0.95740,8.90552
5,1758,1,872.03852,95.33505,110.99503,278.78083,0.96312,9.54730
5,1759,1,881.39314,90.09583,98.88228,258.48928,0.94137,10.21346
5,1760,1,875.26874,85.27055,97.09196,244.03853,0.84941,10.80205
5,1761,1,877.35708,82.71299,94.02178,232.35991,0.81956,11.28496
5,1762,1,883.88248,80.41691,89.74610,221.14738,0.82116,11.78638
5,1763,1,895.23554,78.43042,84.25723,210.63950,0.86336,12.28981
5,1764,1,911.80684,76.80164,77.54747,201.07482,0.95563,12.77262
5,1765,1,933.98696,75.57866,69.60913,192.69189,1.10663,13.20620
5,1766,1,962.16650,74.80960,60.43452,185.72928,1.32256,13.55748
5,1788,1,878.46537,80.66624,89.88408,180.42553,0.64053,13.68572
5,1789,1,906.98666,79.86414,87.78355,180.42553,0.91457,13.66572
5,1790,1,915.09553,79.30438,84.79846,180.42553,0.97911,13.68104
5,1791,1,924.21810,72.84043,77.62162,171.10827,0.99765,14.59739
5,1791,2,870.88203,86.45745,71.75513,178.72340,0.48931,13.50086
5,1792,1,895.68341,86.45745,84.31799,178.72340,0.79951,13.43179
5,1793,1,918.85248,86.45745,74.82136,178.72340,0.97990,13.39163
5,1794,1,927.85179,86.45745,71.45136,178.72340,1.05083,13.37584
5,1794,2,872.76861,71.07234,70.38423,179.63740,0.43151,14.33037
5,1795,1,932.96937,86.45745,71.45136,178.72340,1.10022,13.36485
5,1795,2,885.63616,69.21854,70.40189,179.20315,0.55969,14.43629
5,1796,1,937.01280,86.45745,71.45136,178.72340,1.13911,13.35619
5,1796,2,885.50436,69.24118,70.43147,178.87475,0.55702,14.45571
5,1797,1,940.17207,86.45745,71.45136,178.72340,1.16941,13.34944
5,1797,2,855.72089,71.13830,84.61652,197.03086,0.41554,13.36103
5,1798,1,942.63716,86.45745,71.45136,178.72340,1.19301,13.34419
5,1798,2,864.56715,71.13830,77.32411,201.24536,0.48669,13.13245
5,1799,1,944.63231,86.45745,70.32012,178.72340,1.20667,13.34114
5,1799,2,871.71054,71.13830,70.92662,205.09945,0.54150,12.93292
5,1800,1,945.92257,86.45745,68.61645,178.72340,1.21086,13.34021
5,1800,2,878.75112,71.13830,71.83044,208.49629,0.62605,12.75551
5,1801,1,896.37777,71.13830,83.00581,211.83953,0.85186,12.55916
5,1802,1,913.81382,71.13830,76.29899,214.62407,0.98570,12.41071
5,1803,1,921.95434,71.13830,77.95811,216.77656,1.06939,12.30225
5,1804,1,926.30542,71.13830,79.61723,217.87234,1.11661,12.24704
5,1804,2,922.22249,79.64894,102.07336,180.42553,1.13571,13.62582
5,1805,1,928.31271,71.13830,79.61723,217.87234,1.13412,12.24390
5,1805,2,922.22249,79.64894,102.07336,180.42553,1.13571,13.62582
5,1806,1,930.07965,71.13830,79.61723,217.87234,1.14951,12.24115
5,1806,2,922.22249,79.64894,102.07336,180.42553,1.13571,13.62582
5,1807,1,931.60736,71.13830,79.61723,217.87234,1.16280,12.23877
5,1807,2,922.22249,79.64894,102.07336,180.42553,1.13571,13.62582
5,1808,1,932.89696,71.13830,79.61723,217.87234,1.17401,12.23677
5,1808,2,922.22249,79.64894,102.07336,180.42553,1.13571,13.62582
5,1809,1,933.93552,71.13830,79.61723,217.87234,1.18303,12.23515
5,1809,2,922.22249,79.64894,102.07336,180.42553,1.13571,13.62582
5,1810,1,934.75051,71.13830,79.61723,217.87234,1.19010,12.23389
5,1810,2,922.22249,79.64894,102.07336,180.42553,1.13571,13.62582
5,1811,1,935.33778,71.13830,79.61723,217.87234,1.19520,12.23298
5,1811,2,922.22249,79.64894,102.07336,180.42553,1.13571,13.62582
5,1812,1,935.69318,71.13830,79.61723,217.87234,1.19828,12.23243
5,1812,2,922.22249,79.64894,102.07336,180.42553,1.13571,13.62582
5,1813,1,935.81257,71.13830,79.61723,217.87234,1.19931,12.23224
5,1813,2,922.22249,79.64894,102.07336,180.42553,1.13571,13.62582
5,1814,1,935.51211,71.13830,79.61723,217.87234,1.19671,12.23271
5,1814,2,922.22249,79.64894,102.07336,180.42553,1.13571,13.62582
5,1815,1,934.73722,71.13830,79.61723,217.87234,1.18999,12.23391
5,1815,2,922.22249,79.64894,102.07336,180.42553,1.13571,13.62582
5,1816,1,933.67768,71.13830,79.61723,217.87234,1.18079,12.23555
5,1816,2,922.22249,79.64894,102.07336,180.42553,1.13571,13.62582
5,1817,1,932.52325,71.13830,79.61723,217.87234,1.17076,12.23735
5,1817,2,922.22249,79.64894,102.07336,180.42553,1.13571,13.62582
5,1818,1,931.46371,71.13830,79.61723,217.87234,1.16155,12.23900
5,1818,2,922.22249,79.64894,102.07336,180.42553,1.13571,13.62582
5,1819,1,930.68882,71.13830,79.61723,217.87234,1.15481,12.24020
5,1819,2,922.22249,79.64894,102.07336,180.42553,1.13571,13.62582
5,1820,1,930.38836,71.13830,79.61723,217.87234,1.15219,12.24067
5,1820,2,922.22249,79.64894,102.07336,180.42553,1.13571,13.62582
5,1821,1,930.38836,71.13830,79.61723,217.87234,1.15219,12.24067
5,1821,2,922.22249,79.64894,102.07336,180.42553,1.13571,13.62582
5,1822,1,930.38836,71.13830,79.61723,217.87234,1.15219,12.24067
5,1822,2,922.22249,79.64894,102.07336,180.42553,1.13571,13.62582
5,1823,1,930.38836,71.13830,79.61723,217.87234,1.15219,12.24067
5,1823,2,922.22249,79.64894,102.07336,180.42553,1.13571,13.62582
5,1824,1,930.38836,71.13830,79.61723,217.87234,1.15219,12.24067
5,1824,2,922.22249,79.64894,102.07336,180.42553,1.13571,13.62582
5,1825,1,930.38836,71.13830,79.61723,217.87234,1.15219,12.24067
5,1825,2,922.22249,79.64894,102.07336,180.42553,1.13571,13.62582
5,1826,1,930.38836,71.13830,79.61723,217.87234,1.15219,12.24067
5,1826,2,924.65713,79.64894,99.63873,179.55556,1.14624,13.67036
5,1827,1,930.38836,71.13830,79.61723,217.87234,1.15219,12.24067
5,1827,2,930.26738,79.64894,94.02847,177.55083,1.17078,13.77417
5,1828,1,936.51276,71.13830,79.61723,217.87234,1.20538,12.23115
5,1828,2,936.51276,79.64894,87.78309,175.31915,1.19856,13.89169
5,1829,1,934.98166,71.13830,79.61723,217.87234,1.19211,12.23353
5,1829,2,936.20428,79.64894,88.09157,174.68892,1.19611,13.92781
5,1830,1,933.45056,71.13830,79.61723,217.87234,1.17882,12.23591
5,1830,2,935.31786,79.64894,88.97800,174.23733,1.19100,13.95464
5,1831,1,931.91946,71.13830,79.61723,217.87234,1.16551,12.23829
5,1831,2,933.91198,79.64894,90.38387,173.93462,1.18347,13.97371
5,1832,1,930.38836,71.13830,79.61723,217.87234,1.15219,12.24067
5,1832,2,932.04515,79.64894,92.25070,173.75101,1.17378,13.98657
5,1833,1,928.43016,71.60680,80.29812,221.80411,1.14452,12.05876
5,1833,2,929.77587,79.64894,94.51998,173.65672,1.16218,13.99483
5,1834,1,930.38836,73.64016,74.82813,222.25976,1.14146,11.95830
5,1834,2,927.16264,79.64894,97.13322,173.62198,1.14892,14.00011
5,1835,1,901.95157,74.54255,95.80521,222.97872,0.99157,11.91830
5,1835,2,924.26396,79.64894,100.03190,173.61702,1.13424,14.00403
5,1836,1,901.43598,77.08331,94.77799,226.86280,0.99559,11.66720
5,1837,1,887.00721,81.04992,93.23098,233.43285,0.89306,11.29556
5,1838,1,872.76330,84.13636,92.33000,238.91683,0.79620,11.01351
5,1839,1,858.48960,90.10107,92.87160,248.27127,0.72784,10.53384
5,1840,1,934.47129,111.98936,69.40989,194.04255,1.16662,11.56237
5,1840,2,844.05473,97.48393,97.18120,263.01607,0.69599,9.91149
5,1841,1,944.39937,110.01534,77.85502,214.73998,1.29642,10.89349
5,1841,2,835.60402,97.06353,103.78368,280.57238,0.70334,9.48143
5,1842,1,943.91594,110.74439,88.39686,229.32281,1.34157,10.41649
5,1842,2,826.45534,96.64312,108.01595,299.60156,0.70138,9.06100
5,1843,1,942.92055,112.85461,100.05306,241.43605,1.38216,10.01512
5,1843,2,807.06622,110.92255,105.99537,319.36468,0.65437,8.39469
5,1844,1,776.60659,124.17486,117.03535,341.85705,0.59388,7.80572
5,1845,1,926.30542,126.82533,102.07336,269.41935,1.30302,9.02912
5,1845,2,743.13585,127.53857,127.61923,376.09864,0.53027,7.28006
5,1846,1,917.65872,129.37198,102.75699,285.28853,1.26521,8.66341
5,1846,2,704.00667,130.88671,140.64006,413.44308,0.46190,6.79563
5,1847,1,910.84156,131.85702,104.53734,300.43498,1.24342,8.34364
5,1847,2,650.69350,143.84484,163.86735,444.74027,0.37205,6.34564
5,1848,1,905.45990,134.89829,107.00859,314.89745,1.23281,8.05230
5,1848,2,607.68593,166.63505,185.92411,508.75856,0.41500,5.65099
5,1849,1,901.11967,139.11360,109.76496,328.71474,1.22945,7.77640
5,1849,2,741.39332,122.55496,127.75101,353.68972,0.45819,7.65426
5,1849,3,567.90418,201.43168,203.24973,584.60023,0.48540,5.00276
5,1850,1,897.54638,150.46730,113.31055,341.80063,1.23599,7.43701
5,1850,2,715.69661,129.71251,143.37787,385.50501,0.45960,7.13309
5,1851,1,895.03216,159.31685,118.26568,353.93828,1.24804,7.17336
5,1851,2,681.74721,137.91185,163.15206,425.44471,0.45230,6.59465
5,1852,1,893.64195,157.94681,125.71695,364.85642,1.26380,7.06121
5,1852,2,641.48774,147.15469,180.70285,464.71667,0.41668,6.14052
5,1853,1,873.22727,181.77660,142.90271,373.90647,1.22955,6.70400
5,1853,2,593.65961,158.17450,190.47608,494.57816,0.32809,5.80772
5,1854,1,839.07132,193.69149,148.47812,410.21277,1.13151,6.24998
5,1854,2,558.94471,170.93453,210.16773,533.39526,0.33522,5.45192
5,1855,1,816.55335,204.50368,168.59347,452.16654,1.11958,5.83615
5,1855,2,503.10070,198.71096,257.84587,601.78904,0.39034,4.92116
5,1856,1,794.22120,227.33884,201.00710,509.33138,1.14547,5.33023
5,1898,1,575.48792,210.69827,215.64762,503.70603,0.42043,5.39608
5,1899,1,650.70734,177.19162,185.77353,440.32965,0.47510,6.09625
5,1900,1,718.68122,153.41134,148.42165,398.53648,0.56177,6.71729
5,1901,1,751.78543,136.46103,151.16681,346.30294,0.58911,7.56143
5,1902,1,766.26905,127.36414,153.91197,311.43373,0.57653,8.24666
5,1903,1,768.22084,118.75790,132.72270,287.62863,0.43763,8.86122
5,1904,1,769.92995,113.69149,107.38026,276.01086,0.31225,9.22663
5,1905,1,773.19538,111.67257,105.17100,277.50073,0.32481,9.23785
5,1906,1,796.74314,110.84018,95.63838,279.74450,0.45393,9.19858
5,1907,1,810.83298,112.41434,93.01630,281.05128,0.54586,9.12966
5,1908,1,807.66178,113.41599,95.38349,280.82865,0.53515,9.11321
5,1909,1,801.03690,114.20095,100.10211,280.33770,0.50835,9.10826
5,1910,1,792.74500,114.84868,105.26928,279.62303,0.47109,9.11175
5,1911,1,784.68443,115.37695,109.59169,278.75179,0.43160,9.12141
5,1912,1,777.27831,115.81345,111.92521,277.59030,0.38844,9.13973
5,1913,1,771.81301,116.15571,110.81817,275.80104,0.34398,9.17427
5,1914,1,766.77504,127.30851,126.86690,262.47911,0.35641,9.22213
5,1915,1,762.74417,126.46927,126.21421,262.24039,0.32366,9.24842
5,2039,1,687.45375,221.12516,226.87478,579.37484,0.90112,4.97511
5,2040,1,727.36526,187.48656,194.38655,501.52407,0.87678,5.59598
5,2041,1,755.87263,167.34351,170.25748,443.29239,0.85324,6.17675
5,2042,1,789.50399,153.25083,150.15799,396.51130,0.87776,6.75201
5,2043,1,826.20588,141.26472,133.90272,358.80975,0.94781,7.33207
5,2044,1,865.34516,129.97859,122.86090,332.40213,1.07397,7.85836
5,2045,1,883.43461,122.43879,112.85469,310.02353,1.11401,8.34401
5,2046,1,915.20073,111.40547,100.92926,288.24347,1.23462,8.96191
5,2047,1,919.75791,106.83232,93.54190,263.46426,1.21583,9.62101
5,2048,1,922.06338,103.82438,87.84031,238.21231,1.18443,10.37587
5,2049,1,924.26396,100.16836,84.63904,219.33505,1.16295,11.08485
5,2050,1,926.35254,93.11597,83.57490,208.12141,1.15175,11.74642
5,2051,1,928.34662,84.96118,82.96821,199.53501,1.14239,12.43713
5,2052,1,932.42983,81.05402,81.65869,190.93534,1.15474,13.01228
5,2053,1,965.38847,82.17299,73.19765,181.43459,1.41628,13.37515
5,2077,1,553.89172,206.13516,237.67686,557.29209,0.46260,5.11800
5,2078,1,585.85018,196.06087,220.00867,521.61047,0.46905,5.38031
5,2078,2,749.96454,175.02966,226.44727,588.87459,1.06274,5.17455
5,2079,1,609.15450,168.15957,223.24342,486.01425,0.45240,5.80606
5,2079,2,802.02328,152.74046,206.39617,526.05741,1.14837,5.68523
5,2080,1,639.90457,157.80497,192.49336,437.58865,0.40129,6.28468
5,2080,2,813.89950,151.87924,188.35504,501.38671,1.14344,5.86240
5,2081,1,808.83973,136.62800,172.50166,461.20728,1.05503,6.29825
5,2082,1,697.36085,141.34162,171.78349,392.77540,0.48151,6.91016
5,2082,2,841.37544,125.68610,158.77131,436.08708,1.13217,6.63884
5,2083,1,726.48574,133.52366,150.82447,369.16728,0.50303,7.29185
5,2083,2,851.63539,123.53597,148.16286,415.68744,1.13685,6.87365
5,2084,1,844.07960,116.08608,139.77696,368.66924,1.03237,7.53621
5,2085,1,754.70476,117.91164,145.06158,323.26283,0.49053,8.20756
5,2085,2,869.70542,114.25218,132.48606,361.99250,1.13422,7.65516
5,2086,1,770.39747,112.77156,136.74634,308.26865,0.50518,8.56980
5,2086,2,888.69148,108.85667,125.99879,343.98359,1.19642,8.00451
5,2087,1,788.36013,108.52817,129.55107,295.33950,0.54747,8.90808
5,2087,2,900.70612,102.34880,120.69561,322.83205,1.22686,8.46999
5,2088,1,790.75332,102.86089,123.23470,284.02576,0.49429,9.27960
5,2088,2,913.61690,100.52001,116.49273,312.74594,1.28071,8.68939
5,2089,1,815.72312,101.44707,117.34788,273.49801,0.60798,9.55286
5,2089,2,924.61654,92.78324,113.06413,292.16056,1.32005,9.27235
5,2090,1,820.33894,100.45658,111.72796,263.45848,0.58947,9.83112
5,2090,2,917.17215,91.87557,110.34806,282.24145,1.25695,9.52596
5,2091,1,830.90268,99.08377,106.38263,253.92139,0.61429,10.12145
5,2091,2,914.05662,86.45745,108.19777,272.34043,1.21631,9.91106
5,2092,1,832.90718,95.89317,101.33353,244.92559,0.57353,10.47685
5,2092,2,929.34686,82.80714,94.94899,255.56520,1.25914,10.47540
5,2093,1,824.23206,90.46586,106.30736,236.27410,0.47745,10.93120
5,2093,2,922.04368,80.07925,90.08988,242.85933,1.17102,10.96899
5,2094,1,834.43939,83.05319,91.86603,228.08511,0.44227,11.48077
5,2094,2,924.45120,81.33634,87.22749,232.74049,1.16785,11.27124
5,2095,1,840.14537,81.56372,91.86603,220.25666,0.45364,11.83469
5,2095,2,934.47129,76.24468,85.74163,224.68085,1.22763,11.74633
5,2096,1,844.86478,80.68891,91.86603,212.66515,0.46046,12.17860
5,2096,2,934.66559,76.88680,83.21153,216.72200,1.21044,12.03936
5,2097,1,850.77113,79.74582,91.86603,205.34332,0.47966,12.53412
5,2097,2,934.81897,77.99312,79.67221,208.84383,1.18815,12.32696
5,2098,1,856.42170,77.64373,84.37742,198.27962,0.45758,12.96498
5,2098,2,938.37161,72.23550,75.01156,201.02938,1.18091,12.94523
5,2099,1,877.80689,74.81930,77.07908,191.45339,0.59026,13.42122
5,2099,2,945.77734,76.69066,69.39582,193.26426,1.21929,13.09820
5,2100,1,904.15337,72.15432,62.98140,185.03492,0.75089,13.87527
5,2100,2,944.67863,71.13830,75.85374,194.02307,1.23349,13.33617
5,2101,1,965.50561,71.98596,68.50089,187.20486,1.39285,13.61313
