60,0,686.67,186.67,546.67,1333.3,1
60,1,746.67,225,513.78,1253.1,1
60,2,740,186.67,546.67,1333.3,1
60,3,740,186.67,546.67,1333.3,1
60,4,740,240,546.67,1333.3,1
60,5,740,240,546.67,1333.3,1
60,6,740,240,546.67,1333.3,1
60,7,740,240,546.67,1333.3,1
60,8,740,186.67,546.67,1333.3,1
60,9,746.67,225,513.78,1253.1,1
60,10,696.47,225,513.78,1253.1,1
60,11,740,240,546.67,1333.3,1
60,12,771.43,205.71,468.57,1142.9,1
60,12,813.62,908.47,278.7,679.75,1
60,13,771.43,251.43,468.57,1142.9,1
60,14,771.43,251.43,468.57,1142.9,1
60,15,771.43,251.43,468.57,1142.9,1
60,16,771.43,251.43,468.57,1142.9,1
60,17,771.43,251.43,468.57,1142.9,1
60,18,771.43,251.43,468.57,1142.9,1
60,19,771.43,251.43,468.57,1142.9,1
60,20,771.43,251.43,468.57,1142.9,1
60,21,771.43,251.43,468.57,1142.9,1
60,22,771.43,251.43,468.57,1142.9,1
60,23,781.82,654.55,298.18,727.27,1
60,24,781.82,654.55,298.18,727.27,1
60,25,781.82,654.55,298.18,727.27,1
60,26,892,592,328,800,1
60,27,861.94,553.85,422.19,1029.7,1
60,27,1141.5,552.38,391.17,954.08,0
60,28,1206.5,747.83,355.32,866.65,1
60,28,1130.8,990.77,126.15,307.69,0
60,29,810.77,609.23,126.15,307.69,1
60,30,988.66,514.29,391.17,954.08,1
60,30,840,858.18,298.18,727.27,1
60,31,1344.9,434.78,355.32,866.65,1
60,31,895.85,738.22,63.358,154.53,0
60,31,1026.6,1176.2,97.575,237.99,1
60,31,914.63,752.38,195.6,477.07,1
60,32,1467.2,366.1,278.7,679.75,1
60,32,903.23,594.87,422.19,1029.7,1
60,32,1102.7,747.83,355.32,866.65,0
60,33,1572.3,332.31,252.31,615.38,1
60,33,995.4,1310.6,116.18,283.38,1
60,33,746.67,225,513.78,1253.1,1
60,34,1678.8,314.29,195.6,477.07,1
60,34,740,240,546.67,1333.3,1
60,35,1739.3,286.96,178.42,435.16,1
60,35,696.47,225,513.78,1253.1,1
60,36,1807.8,286.24,150.67,367.5,1
60,36,696.47,225,513.78,1253.1,1
60,37,1857.7,275.63,137.99,336.57,1
60,37,696.47,225,513.78,1253.1,1
60,38,1881.5,264.62,126.15,307.69,1
60,38,696.47,225,513.78,1253.1,1
60,39,1890.3,255.32,116.18,283.38,1
60,39,696.47,225,513.78,1253.1,1
60,40,1913.5,244.16,106.6,260,1
60,41,1956,257.92,89.578,218.48,1
60,42,1968.8,252.38,97.575,237.99,1
60,42,740,240,546.67,1333.3,1
60,43,1978.3,261.9,97.575,237.99,1
60,43,746.67,225,513.78,1253.1,1
60,44,1986.3,264.94,106.6,260,1
60,44,746.67,225,513.78,1253.1,1
60,45,1980.9,278.01,116.18,283.38,1
60,45,740,240,546.67,1333.3,1
60,46,1965.5,275.63,137.99,336.57,1
60,46,740,186.67,546.67,1333.3,1
60,47,1925.5,271.56,150.67,367.5,1
60,47,1027.1,471.79,422.19,1029.7,0
60,47,740,240,546.67,1333.3,1
60,48,1372,432,328,800,1
60,48,1886,296,164,400,1
60,48,740,240,546.67,1333.3,1
60,49,1603.4,338.98,278.7,679.75,1
60,49,1852,286.24,150.67,367.5,1
60,49,740,240,546.67,1333.3,1
60,50,1881.4,271.56,150.67,367.5,1
60,50,1621.5,356.92,252.31,615.38,1
60,50,1845.1,423.81,97.575,237.99,0
60,50,740,240,546.67,1333.3,1
60,51,1911.6,275.63,137.99,336.57,1
60,51,1596.4,392.73,298.18,727.27,0
60,51,740,240,546.67,1333.3,1
60,51,1538.2,538.18,298.18,727.27,1
60,52,1943.1,252.31,126.15,307.69,1
60,52,1509.1,421.82,298.18,727.27,1
60,52,740,240,546.67,1333.3,1
60,53,1965.5,254.55,106.6,260,1
60,53,1630.6,366.1,278.7,679.75,1
60,53,740,240,546.67,1333.3,1
60,54,1720,307.69,252.31,615.38,1
60,54,740,240,546.67,1333.3,1
60,55,1791.6,286.96,178.42,435.16,1
60,55,740,240,546.67,1333.3,1
60,56,1837.2,286.24,150.67,367.5,1
60,56,740,240,546.67,1333.3,1
60,57,1844.2,262.18,137.99,336.57,1
60,57,740,240,546.67,1333.3,1
60,58,1856.9,252.31,126.15,307.69,1
60,58,740,240,546.67,1333.3,1
60,59,1892.7,254.55,106.6,260,1
60,59,740,240,546.67,1333.3,1
60,60,1968.8,252.38,97.575,237.99,1
60,60,740,240,546.67,1333.3,1
60,61,740,240,546.67,1333.3,1
60,62,740,240,546.67,1333.3,1
60,63,740,240,546.67,1333.3,1
60,64,740,240,546.67,1333.3,1
60,65,686.67,186.67,546.67,1333.3,1
60,66,686.67,186.67,546.67,1333.3,1
60,67,686.67,186.67,546.67,1333.3,1
60,68,686.67,186.67,546.67,1333.3,1
60,69,686.67,186.67,546.67,1333.3,1
60,70,686.67,186.67,546.67,1333.3,1
60,71,686.67,186.67,546.67,1333.3,1
60,72,686.67,186.67,546.67,1333.3,1
60,73,686.67,186.67,546.67,1333.3,1
60,74,686.67,186.67,546.67,1333.3,1
60,75,686.67,186.67,546.67,1333.3,1
60,76,686.67,186.67,546.67,1333.3,1
60,77,686.67,186.67,546.67,1333.3,1
60,78,740,240,546.67,1333.3,1
60,79,740,240,546.67,1333.3,1
60,80,686.67,186.67,546.67,1333.3,1
60,81,686.67,186.67,546.67,1333.3,1
60,82,791.35,539.13,355.32,866.65,1
60,83,779.35,553.85,422.19,1029.7,1
60,83,1197.5,1163,137.99,336.57,1
60,84,944.52,512.82,422.19,1029.7,1
60,85,985.81,553.85,422.19,1029.7,1
60,85,835.82,628.57,391.17,954.08,0
60,86,944.52,594.87,422.19,1029.7,1
60,87,1103.3,590.48,391.17,954.08,0
60,87,793.33,240,546.67,1333.3,1
60,88,1485.4,438.1,391.17,954.08,1
60,88,740,240,546.67,1333.3,1
60,89,1695.4,356.92,252.31,615.38,1
60,89,686.67,240,546.67,1333.3,1
60,90,1771.2,304.23,230.48,562.15,1
60,90,686.67,240,546.67,1333.3,1
60,91,1838,296,164,400,1
60,91,686.67,240,546.67,1333.3,1
60,92,1852,256.88,150.67,367.5,1
60,92,686.67,240,546.67,1333.3,1
60,93,1869.2,252.31,126.15,307.69,1
60,93,686.67,240,546.67,1333.3,1
60,94,1913.5,254.55,106.6,260,1
60,94,740,240,546.67,1333.3,1
60,95,1999,260,82,200,1
60,95,740,240,546.67,1333.3,1
60,96,740,240,546.67,1333.3,1
60,97,740,240,546.67,1333.3,1
60,98,740,240,546.67,1333.3,1
60,99,746.67,225,513.78,1253.1,1
60,100,740,240,546.67,1333.3,1
60,101,740,240,546.67,1333.3,1
60,102,746.67,225,513.78,1253.1,1
60,105,740,186.67,546.67,1333.3,1
60,106,1991,257.92,89.578,218.48,0
60,107,740,186.67,546.67,1333.3,1
60,108,740,186.67,546.67,1333.3,1
60,109,746.67,225,513.78,1253.1,1
60,110,686.67,240,546.67,1333.3,1
60,111,686.67,240,546.67,1333.3,1
60,112,686.67,240,546.67,1333.3,1
60,113,686.67,240,546.67,1333.3,1
60,115,740,240,546.67,1333.3,1
60,116,740,240,546.67,1333.3,1
60,117,686.67,240,546.67,1333.3,1
60,118,686.67,240,546.67,1333.3,1
60,119,740,240,546.67,1333.3,1
60,120,740,240,546.67,1333.3,1
60,122,740,240,546.67,1333.3,1
60,123,740,186.67,546.67,1333.3,1
60,124,740,186.67,546.67,1333.3,1
60,125,740,186.67,546.67,1333.3,1
60,126,740,186.67,546.67,1333.3,1
60,127,740,186.67,546.67,1333.3,1
60,128,740,240,546.67,1333.3,1
60,131,1192.3,553.85,422.19,1029.7,1
60,132,1532,400,328,800,1
60,133,1695.4,332.31,252.31,615.38,1
60,134,1791.6,321.74,178.42,435.16,1
60,135,1838,296,164,400,1
60,136,1857.7,262.18,137.99,336.57,1
60,137,1878.9,255.32,116.18,283.38,1
60,138,1930.7,252.38,97.575,237.99,1
60,139,2025.9,266.67,89.578,218.48,1
60,140,686.67,240,546.67,1333.3,1
60,141,686.67,240,546.67,1333.3,1
60,143,686.67,240,546.67,1333.3,1
60,145,740,240,546.67,1333.3,1
60,150,1569.1,349.3,230.48,562.15,0
60,150,740,186.67,546.67,1333.3,1
60,151,1621.6,434.78,355.32,866.65,0
60,151,740,240,546.67,1333.3,1
60,156,686.67,240,546.67,1333.3,1
60,158,1233.5,512.82,422.19,1029.7,0
60,159,1494.5,338.98,278.7,679.75,0
60,165,686.67,240,546.67,1333.3,1
60,166,686.67,240,546.67,1333.3,1
60,167,686.67,240,546.67,1333.3,1
60,168,740,240,546.67,1333.3,1
60,169,740,240,546.67,1333.3,1
60,170,686.67,240,546.67,1333.3,1
60,172,1316.1,512.82,422.19,1029.7,1
60,173,1596.4,392.73,298.18,727.27,1
60,174,1720,332.31,252.31,615.38,1
60,175,1793.4,295.24,195.6,477.07,1
60,176,1822.5,286.24,150.67,367.5,1
60,177,1857.7,275.63,137.99,336.57,1
60,178,1893.8,252.31,126.15,307.69,1
60,179,1934.3,254.55,106.6,260,1
60,180,1854.6,242.86,97.575,237.99,1
60,181,1830.2,244.16,106.6,260,1
60,182,1820,252.31,126.15,307.69,1
60,182,740,240,546.67,1333.3,1
60,183,1793.1,256.88,150.67,367.5,1
60,184,1742,264,164,400,1
60,184,686.67,240,546.67,1333.3,1
60,185,1704.5,286.96,178.42,435.16,1
60,185,686.67,240,546.67,1333.3,1
60,186,1636.5,304.23,230.48,562.15,1
60,186,686.67,240,546.67,1333.3,1
60,187,1576.2,338.98,278.7,679.75,1
60,187,686.67,240,546.67,1333.3,1
60,188,1379.5,434.78,355.32,866.65,1
60,188,740,240,546.67,1333.3,1
60,189,1170.5,1243.7,137.99,336.57,1
60,189,1303.9,1156.5,178.42,435.16,1
60,198,740,240,546.67,1333.3,1
60,199,740,240,546.67,1333.3,1
60,200,686.67,240,546.67,1333.3,1
60,203,686.67,240,546.67,1333.3,1
60,204,686.67,240,546.67,1333.3,1
60,205,740,186.67,546.67,1333.3,1
60,209,1758.5,252.31,126.15,307.69,1
60,210,1783.1,252.31,126.15,307.69,1
60,210,740,186.67,546.67,1333.3,1
60,211,1820,252.31,126.15,307.69,1
60,212,1881.5,252.31,126.15,307.69,1
60,212,740,186.67,546.67,1333.3,1
60,213,1944.7,244.16,106.6,260,1
60,213,740,186.67,546.67,1333.3,1
60,214,740,186.67,546.67,1333.3,1
60,217,740,186.67,546.67,1333.3,1
60,218,740,186.67,546.67,1333.3,1
60,219,740,186.67,546.67,1333.3,1
60,221,740,186.67,546.67,1333.3,1
60,222,740,186.67,546.67,1333.3,1
60,224,740,240,546.67,1333.3,1
60,225,740,240,546.67,1333.3,1
60,226,740,240,546.67,1333.3,1
60,227,740,240,546.67,1333.3,1
60,228,740,240,546.67,1333.3,1
60,229,740,240,546.67,1333.3,1
60,230,740,240,546.67,1333.3,1
60,231,740,240,546.67,1333.3,1
60,232,740,240,546.67,1333.3,1
60,233,740,240,546.67,1333.3,1
60,234,740,240,546.67,1333.3,1
60,235,740,240,546.67,1333.3,1
60,236,740,240,546.67,1333.3,1
60,237,740,240,546.67,1333.3,1
60,238,740,186.67,546.67,1333.3,1
60,239,740,240,546.67,1333.3,1
60,240,740,240,546.67,1333.3,1
60,241,740,240,546.67,1333.3,1
60,242,740,240,546.67,1333.3,1
60,243,740,240,546.67,1333.3,1
60,244,740,240,546.67,1333.3,1
60,245,740,240,546.67,1333.3,1
60,246,740,240,546.67,1333.3,1
60,247,740,240,546.67,1333.3,1
60,248,740,240,546.67,1333.3,1
60,249,740,240,546.67,1333.3,1
60,250,740,240,546.67,1333.3,1
60,251,740,240,546.67,1333.3,1
60,252,740,240,546.67,1333.3,1
60,253,740,240,546.67,1333.3,1
60,254,740,240,546.67,1333.3,1
60,255,740,240,546.67,1333.3,1
60,256,740,240,546.67,1333.3,1
60,257,740,240,546.67,1333.3,1
60,258,740,240,546.67,1333.3,1
60,259,740,240,546.67,1333.3,1
60,260,740,240,546.67,1333.3,1
60,261,740,240,546.67,1333.3,1
60,262,740,240,546.67,1333.3,1
60,263,740,240,546.67,1333.3,1
60,264,740,240,546.67,1333.3,1
60,265,740,240,546.67,1333.3,1
60,266,740,240,546.67,1333.3,1
60,267,740,240,546.67,1333.3,1
60,268,740,240,546.67,1333.3,1
60,269,740,240,546.67,1333.3,1
60,270,740,240,546.67,1333.3,1
60,271,740,240,546.67,1333.3,1
60,272,740,240,546.67,1333.3,1
60,273,740,240,546.67,1333.3,1
60,274,740,240,546.67,1333.3,1
60,275,740,240,546.67,1333.3,1
60,276,740,240,546.67,1333.3,1
60,277,740,240,546.67,1333.3,1
60,278,740,240,546.67,1333.3,1
60,279,740,240,546.67,1333.3,1
60,280,740,240,546.67,1333.3,1
60,281,740,240,546.67,1333.3,1
60,282,740,240,546.67,1333.3,1
60,283,740,240,546.67,1333.3,1
60,284,740,240,546.67,1333.3,1
60,285,740,240,546.67,1333.3,1
60,286,740,240,546.67,1333.3,1
60,287,740,240,546.67,1333.3,1
60,288,740,240,546.67,1333.3,1
60,289,740,240,546.67,1333.3,1
60,290,740,186.67,546.67,1333.3,1
60,291,740,186.67,546.67,1333.3,1
60,292,740,186.67,546.67,1333.3,1
60,293,740,186.67,546.67,1333.3,1
60,294,740,186.67,546.67,1333.3,1
60,295,740,186.67,546.67,1333.3,1
60,296,740,240,546.67,1333.3,1
60,297,740,240,546.67,1333.3,1
60,298,740,240,546.67,1333.3,1
60,299,740,240,546.67,1333.3,1
60,300,740,240,546.67,1333.3,1
60,301,740,240,546.67,1333.3,1
60,302,740,240,546.67,1333.3,1
60,303,740,240,546.67,1333.3,1
60,304,740,240,546.67,1333.3,1
60,305,740,240,546.67,1333.3,1
60,306,740,240,546.67,1333.3,1
60,307,740,240,546.67,1333.3,1
60,308,740,240,546.67,1333.3,1
60,309,740,240,546.67,1333.3,1
60,310,740,240,546.67,1333.3,1
60,311,740,240,546.67,1333.3,1
60,312,740,240,546.67,1333.3,1
60,313,740,240,546.67,1333.3,1
60,314,740,240,546.67,1333.3,1
60,315,740,240,546.67,1333.3,1
60,316,740,240,546.67,1333.3,1
60,317,686.67,240,546.67,1333.3,1
60,318,686.67,240,546.67,1333.3,1
60,319,740,240,546.67,1333.3,1
60,320,740,240,546.67,1333.3,1
60,321,740,186.67,546.67,1333.3,1
60,322,740,240,546.67,1333.3,1
60,323,740,240,546.67,1333.3,1
60,324,740,240,546.67,1333.3,1
60,325,740,240,546.67,1333.3,1
60,326,740,240,546.67,1333.3,1
60,327,740,240,546.67,1333.3,1
60,328,740,240,546.67,1333.3,1
60,329,740,240,546.67,1333.3,1
60,330,740,240,546.67,1333.3,1
60,331,740,240,546.67,1333.3,1
60,332,740,240,546.67,1333.3,1
60,333,740,240,546.67,1333.3,1
60,334,740,240,546.67,1333.3,1
60,335,740,186.67,546.67,1333.3,1
60,336,740,186.67,546.67,1333.3,1
60,338,1379.5,469.57,355.32,866.65,1
60,338,686.67,240,546.67,1333.3,1
60,339,1630.6,366.1,278.7,679.75,1
60,339,686.67,240,546.67,1333.3,1
60,340,1771.2,326.76,230.48,562.15,1
60,341,1826.4,304.35,178.42,435.16,1
60,342,1852,271.56,150.67,367.5,1
60,343,1881.5,276.92,126.15,307.69,1
60,344,1890.3,255.32,116.18,283.38,1
60,344,740,240,546.67,1333.3,1
60,345,1949.7,261.9,97.575,237.99,1
60,345,740,240,546.67,1333.3,1
60,346,740,240,546.67,1333.3,1
60,347,740,240,546.67,1333.3,1
60,348,740,240,546.67,1333.3,1
60,349,686.67,240,546.67,1333.3,1
60,350,740,240,546.67,1333.3,1
60,351,740,240,546.67,1333.3,1
60,352,740,240,546.67,1333.3,1
60,353,740,240,546.67,1333.3,1
60,354,740,240,546.67,1333.3,1
60,355,740,240,546.67,1333.3,1
60,356,740,240,546.67,1333.3,1
60,357,740,240,546.67,1333.3,1
60,358,740,240,546.67,1333.3,1
60,359,740,240,546.67,1333.3,1
60,360,740,240,546.67,1333.3,1
60,361,740,240,546.67,1333.3,1
60,362,740,240,546.67,1333.3,1
60,363,740,240,546.67,1333.3,1
60,364,740,240,546.67,1333.3,1
60,365,740,240,546.67,1333.3,1
60,366,740,240,546.67,1333.3,1
60,367,1978.3,261.9,97.575,237.99,1
60,367,740,240,546.67,1333.3,1
60,368,1901.6,255.32,116.18,283.38,1
60,368,740,240,546.67,1333.3,1
60,369,1869.2,264.62,126.15,307.69,1
60,369,740,240,546.67,1333.3,1
60,370,1830.7,289.08,137.99,336.57,1
60,370,740,240,546.67,1333.3,1
60,371,1774.3,295.24,195.6,477.07,1
60,371,740,240,546.67,1333.3,1
60,372,1717,352.38,195.6,477.07,1
60,372,740,240,546.67,1333.3,1
60,373,1596.9,406.15,252.31,615.38,1
60,373,740,240,546.67,1333.3,1
60,374,1316.1,512.82,422.19,1029.7,1
60,374,1956,257.92,89.578,218.48,1
60,374,740,240,546.67,1333.3,1
60,375,740,240,546.67,1333.3,1
60,384,686.67,240,546.67,1333.3,1
60,385,740,240,546.67,1333.3,1
60,386,686.67,240,546.67,1333.3,1
60,387,686.67,240,546.67,1333.3,1
60,388,686.67,240,546.67,1333.3,1
60,389,686.67,240,546.67,1333.3,1
60,390,686.67,240,546.67,1333.3,1
60,391,686.67,240,546.67,1333.3,1
60,392,686.67,240,546.67,1333.3,1
60,393,686.67,240,546.67,1333.3,1
60,394,686.67,240,546.67,1333.3,1
60,395,686.67,240,546.67,1333.3,1
60,396,686.67,240,546.67,1333.3,1
60,397,1991,257.92,89.578,218.48,1
60,397,740,240,546.67,1333.3,1
60,398,1907.4,299.16,68.884,168.01,1
60,398,740,240,546.67,1333.3,1
60,399,1900.7,299.16,68.884,168.01,1
60,399,740,240,546.67,1333.3,1
60,400,1921.1,257.92,89.578,218.48,1
60,400,686.67,240,546.67,1333.3,1
60,401,1956,275.41,89.578,218.48,1
60,401,686.67,240,546.67,1333.3,1
60,402,1940.2,280.95,97.575,237.99,1
60,402,686.67,240,546.67,1333.3,1
60,403,1918.5,276.92,126.15,307.69,1
60,403,686.67,240,546.67,1333.3,1
60,404,1906.2,313.85,126.15,307.69,1
60,404,740,240,546.67,1333.3,1
60,405,1866.7,315.6,150.67,367.5,1
60,405,740,240,546.67,1333.3,1
60,406,1791.6,321.74,178.42,435.16,1
60,406,740,240,546.67,1333.3,1
60,407,1724.9,363.64,213.21,520.02,1
60,407,740,240,546.67,1333.3,1
60,408,1630.6,420.34,278.7,679.75,1
60,408,740,240,546.67,1333.3,1
60,409,1414.1,539.13,355.32,866.65,1
60,409,740,186.67,546.67,1333.3,1
60,411,740,240,546.67,1333.3,1
60,412,740,240,546.67,1333.3,1
60,413,740,240,546.67,1333.3,1
60,414,740,240,546.67,1333.3,1
60,415,740,240,546.67,1333.3,1
60,416,740,240,546.67,1333.3,1
60,417,740,240,546.67,1333.3,1
60,418,740,240,546.67,1333.3,1
60,419,740,240,546.67,1333.3,0
60,419,740,240,546.67,1333.3,1
60,420,740,240,546.67,1333.3,1
60,421,740,240,546.67,1333.3,1
60,422,740,240,546.67,1333.3,1
60,423,740,240,546.67,1333.3,1
60,424,740,240,546.67,1333.3,1
60,425,740,240,546.67,1333.3,1
60,426,740,240,546.67,1333.3,1
60,427,740,240,546.67,1333.3,1
60,428,740,240,546.67,1333.3,1
60,429,740,240,546.67,1333.3,1
60,430,740,240,546.67,1333.3,1
60,431,740,240,546.67,1333.3,1
60,432,740,240,546.67,1333.3,1
60,433,740,240,546.67,1333.3,1
60,434,740,240,546.67,1333.3,1
60,435,740,240,546.67,1333.3,1
60,436,740,240,546.67,1333.3,1
60,437,740,240,546.67,1333.3,1
60,438,740,240,546.67,1333.3,1
60,439,740,240,546.67,1333.3,1
60,440,740,240,546.67,1333.3,1
60,441,740,240,546.67,1333.3,1
60,442,740,240,546.67,1333.3,1
60,443,740,240,546.67,1333.3,1
60,444,740,240,546.67,1333.3,1
60,445,740,240,546.67,1333.3,1
60,446,740,240,546.67,1333.3,1
60,447,740,240,546.67,1333.3,1
60,448,740,240,546.67,1333.3,1
60,449,740,240,546.67,1333.3,1
60,450,740,240,546.67,1333.3,1
60,451,740,186.67,546.67,1333.3,1
60,453,740,186.67,546.67,1333.3,1
60,454,740,186.67,546.67,1333.3,1
60,455,740,186.67,546.67,1333.3,1
60,456,740,186.67,546.67,1333.3,1
60,457,740,186.67,546.67,1333.3,1
60,458,746.67,225,513.78,1253.1,1
60,459,746.67,225,513.78,1253.1,1
60,460,740,186.67,546.67,1333.3,1
60,461,686.67,240,546.67,1333.3,1
60,462,686.67,240,546.67,1333.3,1
60,463,686.67,240,546.67,1333.3,1
60,464,686.67,240,546.67,1333.3,1
60,465,740,186.67,546.67,1333.3,1
60,466,740,186.67,546.67,1333.3,1
60,467,740,186.67,546.67,1333.3,1
60,468,740,186.67,546.67,1333.3,1
60,469,740,186.67,546.67,1333.3,1
60,470,740,186.67,546.67,1333.3,1
60,471,740,186.67,546.67,1333.3,1
60,472,740,186.67,546.67,1333.3,1
60,473,740,240,546.67,1333.3,1
60,474,740,186.67,546.67,1333.3,1
60,475,740,186.67,546.67,1333.3,1
60,476,740,186.67,546.67,1333.3,1
60,479,686.67,240,546.67,1333.3,1
60,480,686.67,240,546.67,1333.3,1
60,481,686.67,240,546.67,1333.3,1
60,482,686.67,240,546.67,1333.3,1
60,483,746.67,225,513.78,1253.1,1
60,484,746.67,225,513.78,1253.1,1
60,485,746.67,225,513.78,1253.1,1
60,486,746.67,225,513.78,1253.1,1
60,489,746.67,225,513.78,1253.1,1
60,492,746.67,225,513.78,1253.1,1
60,493,746.67,225,513.78,1253.1,1
60,494,746.67,225,513.78,1253.1,1
60,495,746.67,225,513.78,1253.1,1
60,496,746.67,225,513.78,1253.1,1
60,498,746.67,225,513.78,1253.1,1
60,502,746.67,225,513.78,1253.1,1
60,511,740,186.67,546.67,1333.3,1
60,512,740,186.67,546.67,1333.3,1
60,513,740,186.67,546.67,1333.3,1
60,514,740,186.67,546.67,1333.3,1
60,515,740,186.67,546.67,1333.3,1
60,516,740,186.67,546.67,1333.3,1
60,517,740,186.67,546.67,1333.3,1
60,518,746.67,225,513.78,1253.1,1
60,519,740,186.67,546.67,1333.3,1
60,520,740,186.67,546.67,1333.3,1
60,521,740,186.67,546.67,1333.3,1
60,522,740,186.67,546.67,1333.3,1
60,523,740,186.67,546.67,1333.3,1
60,524,740,186.67,546.67,1333.3,1
60,525,740,186.67,546.67,1333.3,1
60,526,740,186.67,546.67,1333.3,1
60,527,740,186.67,546.67,1333.3,1
60,528,740,186.67,546.67,1333.3,1
60,529,740,186.67,546.67,1333.3,1
60,530,740,186.67,546.67,1333.3,1
60,531,740,186.67,546.67,1333.3,1
60,532,740,186.67,546.67,1333.3,1
60,533,740,186.67,546.67,1333.3,1
60,534,740,186.67,546.67,1333.3,1
60,535,740,186.67,546.67,1333.3,1
60,536,740,186.67,546.67,1333.3,1
60,537,740,186.67,546.67,1333.3,1
60,540,1357.4,553.85,422.19,1029.7,1
60,541,1596,464,328,800,1
60,542,1712.3,366.1,278.7,679.75,1
60,542,740,240,546.67,1333.3,1
60,543,1818.5,332.31,252.31,615.38,1
60,544,1828.9,322.08,213.21,520.02,1
60,544,1468,784,328,800,1
60,544,1199.5,1104.3,178.42,435.16,1
60,545,1843.8,304.35,178.42,435.16,1
60,545,1522.6,553.85,422.19,1029.7,1
60,546,1638.2,438.1,391.17,954.08,1
60,546,1898.1,302.52,137.99,336.57,0
60,547,1692,400,328,800,0
60,547,1965.9,330.74,57.935,141.31,0
60,547,1596.9,627.69,252.31,615.38,1
60,548,1739.6,393.22,278.7,679.75,0
60,548,1940.9,330.5,63.358,154.53,0
60,548,1621.5,627.69,252.31,615.38,1
60,548,740,240,546.67,1333.3,1
60,549,1744.6,356.92,252.31,615.38,1
60,550,1678.8,295.24,195.6,477.07,1
60,550,1818.5,332.31,252.31,615.38,1
60,550,740,240,546.67,1333.3,1
60,551,1769.2,381.54,252.31,615.38,1
60,551,1636.5,304.23,230.48,562.15,0
60,551,740,240,546.67,1333.3,1
60,552,1712.7,392.73,298.18,727.27,0
60,552,1547.7,381.54,252.31,615.38,0
60,552,1669.1,867.23,137.99,336.57,1
60,552,1820,336,328,800,1
60,553,1628,432,328,800,1
60,553,1392.7,392.73,298.18,727.27,1
60,553,740,240,546.67,1333.3,1
60,554,1605.2,512.82,422.19,1029.7,1
60,554,1141.5,438.1,391.17,954.08,0
60,554,740,240,546.67,1333.3,1
60,555,903.23,594.87,422.19,1029.7,1
60,555,1561.8,628.57,391.17,954.08,1
60,555,1511.5,1226,41,100,1
60,556,1638.2,628.57,391.17,954.08,1
60,556,1276.6,908.47,278.7,679.75,1
60,557,740,240,546.67,1333.3,1
60,558,429.47,1257.1,137.99,336.57,1
60,560,957.68,1071.8,63.358,154.53,1
60,561,1068.1,713.04,355.32,866.65,1
60,562,950.45,666.67,391.17,954.08,1
60,563,964.32,713.04,355.32,866.65,1
60,563,998.62,565.14,150.67,367.5,0
60,564,964.32,713.04,355.32,866.65,1
60,564,1008.8,571.43,137.99,336.57,0
60,565,950.45,666.67,391.17,954.08,1
60,565,974,520,164,400,0
60,566,964.32,713.04,355.32,866.65,1
60,566,1008.8,584.87,137.99,336.57,0
60,567,847.06,375,513.78,1253.1,1
60,568,895.14,643.48,355.32,866.65,1
60,568,791.35,504.35,355.32,866.65,0
60,568,781.82,247.27,298.18,727.27,0
60,568,927.27,247.27,298.18,727.27,0
60,569,740,240,546.67,1333.3,1
60,570,696.47,225,513.78,1253.1,1
60,571,696.47,225,513.78,1253.1,1
60,572,696.47,225,513.78,1253.1,1
60,573,696.47,225,513.78,1253.1,1
60,574,696.47,225,513.78,1253.1,1
60,575,696.47,225,513.78,1253.1,1
60,576,696.47,225,513.78,1253.1,1
60,577,696.47,225,513.78,1253.1,1
60,578,696.47,225,513.78,1253.1,1
60,579,696.47,225,513.78,1253.1,1
60,580,696.47,225,513.78,1253.1,1
60,581,696.47,225,513.78,1253.1,1
60,582,696.47,225,513.78,1253.1,1
60,583,696.47,225,513.78,1253.1,1
60,584,696.47,225,513.78,1253.1,1
60,585,696.47,225,513.78,1253.1,1
60,586,696.47,225,513.78,1253.1,1
60,587,696.47,225,513.78,1253.1,1
60,588,696.47,225,513.78,1253.1,1
60,589,696.47,225,513.78,1253.1,1
60,590,696.47,225,513.78,1253.1,1
60,591,696.47,225,513.78,1253.1,1
60,592,696.47,225,513.78,1253.1,1
60,593,696.47,225,513.78,1253.1,1
60,594,696.47,225,513.78,1253.1,1
60,595,696.47,225,513.78,1253.1,1
60,596,1982.3,249.18,89.578,218.48,1
60,596,696.47,225,513.78,1253.1,1
60,597,696.47,225,513.78,1253.1,1
60,598,696.47,225,513.78,1253.1,1
60,599,696.47,225,513.78,1253.1,1
60,600,696.47,225,513.78,1253.1,1
60,601,746.67,225,513.78,1253.1,1
60,601,1877.4,240.44,89.578,218.48,1
60,602,861.94,512.82,422.19,1029.7,1
60,603,944.52,512.82,422.19,1029.7,1
60,604,1276,592,328,800,1
60,604,686.67,186.67,546.67,1333.3,1
60,605,1596,368,328,800,1
60,605,740,186.67,546.67,1333.3,1
60,606,1720,332.31,252.31,615.38,1
60,606,740,186.67,546.67,1333.3,1
60,607,1822,312,164,400,1
60,607,746.67,225,513.78,1253.1,1
60,608,1870,280,164,400,1
60,609,1910.8,256.88,150.67,367.5,1
60,610,1906.2,264.62,126.15,307.69,1
60,611,1912.9,255.32,116.18,283.38,1
60,611,740,186.67,546.67,1333.3,1
60,612,1955.1,254.55,106.6,260,1
60,612,740,186.67,546.67,1333.3,1
60,613,740,186.67,546.67,1333.3,1
60,614,740,186.67,546.67,1333.3,1
60,615,740,186.67,546.67,1333.3,1
60,616,740,186.67,546.67,1333.3,1
60,617,740,186.67,546.67,1333.3,1
60,618,740,186.67,546.67,1333.3,1
60,619,740,186.67,546.67,1333.3,1
60,620,740,186.67,546.67,1333.3,1
60,621,740,186.67,546.67,1333.3,1
60,622,740,186.67,546.67,1333.3,1
60,623,740,186.67,546.67,1333.3,1
60,624,740,186.67,546.67,1333.3,1
60,625,740,186.67,546.67,1333.3,1
60,626,740,186.67,546.67,1333.3,1
60,627,740,186.67,546.67,1333.3,1
60,628,740,186.67,546.67,1333.3,1
60,629,740,186.67,546.67,1333.3,1
60,630,1923.9,244.16,106.6,260,1
60,630,740,186.67,546.67,1333.3,1
60,631,1881.5,252.31,126.15,307.69,1
60,631,740,186.67,546.67,1333.3,1
60,632,1857.7,262.18,137.99,336.57,1
60,632,740,186.67,546.67,1333.3,1
60,633,1852,286.24,150.67,367.5,1
60,633,740,186.67,546.67,1333.3,1
60,634,1826.4,321.74,178.42,435.16,1
60,635,1809,339.13,178.42,435.16,0
60,635,1774.1,426.09,178.42,435.16,1
60,635,740,186.67,546.67,1333.3,1
60,636,1771.2,394.37,230.48,562.15,0
60,636,1726.3,507.04,230.48,562.15,1
60,636,740,186.67,546.67,1333.3,1
60,637,1621.6,469.57,355.32,866.65,1
60,637,740,186.67,546.67,1333.3,1
60,638,1225.4,1070.1,213.21,520.02,0
60,638,1332.5,666.67,391.17,954.08,1
60,638,1262,920,164,400,0
60,638,686.67,240,546.67,1333.3,1
60,643,686.67,240,546.67,1333.3,1
60,644,686.67,240,546.67,1333.3,1
60,645,686.67,240,546.67,1333.3,1
60,646,686.67,240,546.67,1333.3,1
60,647,686.67,240,546.67,1333.3,1
60,648,686.67,240,546.67,1333.3,1
60,649,686.67,240,546.67,1333.3,1
60,650,686.67,240,546.67,1333.3,1
60,651,686.67,240,546.67,1333.3,1
60,652,686.67,240,546.67,1333.3,1
60,653,686.67,240,546.67,1333.3,1
60,654,686.67,240,546.67,1333.3,1
60,655,686.67,240,546.67,1333.3,1
60,656,686.67,240,546.67,1333.3,1
60,657,740,186.67,546.67,1333.3,1
60,658,686.67,240,546.67,1333.3,1
60,659,686.67,240,546.67,1333.3,1
60,660,686.67,240,546.67,1333.3,1
60,661,686.67,240,546.67,1333.3,1
60,662,686.67,240,546.67,1333.3,1
60,663,740,186.67,546.67,1333.3,1
60,664,740,186.67,546.67,1333.3,1
60,665,740,186.67,546.67,1333.3,1
60,666,740,186.67,546.67,1333.3,1
60,667,686.67,240,546.67,1333.3,1
60,671,740,186.67,546.67,1333.3,1
60,672,740,240,546.67,1333.3,1
60,673,740,240,546.67,1333.3,1
60,674,740,240,546.67,1333.3,1
60,675,740,186.67,546.67,1333.3,1
60,676,740,186.67,546.67,1333.3,1
60,677,740,186.67,546.67,1333.3,1
60,678,740,186.67,546.67,1333.3,1
60,679,740,186.67,546.67,1333.3,1
60,680,740,186.67,546.67,1333.3,1
60,681,740,186.67,546.67,1333.3,1
60,682,740,186.67,546.67,1333.3,1
60,683,740,186.67,546.67,1333.3,1
60,684,740,186.67,546.67,1333.3,1
60,685,740,186.67,546.67,1333.3,1
60,686,740,186.67,546.67,1333.3,1
60,687,740,186.67,546.67,1333.3,1
60,688,740,240,546.67,1333.3,1
60,689,740,240,546.67,1333.3,1
60,690,740,240,546.67,1333.3,1
60,691,740,240,546.67,1333.3,1
60,692,740,240,546.67,1333.3,1
60,693,740,240,546.67,1333.3,1
60,694,740,240,546.67,1333.3,1
60,695,740,240,546.67,1333.3,1
60,697,1332.5,666.67,391.17,954.08,1
60,697,686.67,240,546.67,1333.3,1
60,698,1552.4,504.35,355.32,866.65,1
60,698,746.67,225,513.78,1253.1,1
60,699,1720,430.77,252.31,615.38,1
60,699,1691.6,704.09,44.696,109.01,0
60,699,746.67,225,513.78,1253.1,1
60,700,1787.3,384.42,213.21,520.02,1
60,700,740,186.67,546.67,1333.3,1
60,701,1826.4,339.13,178.42,435.16,1
60,701,740,186.67,546.67,1333.3,1
60,702,1857.7,329.41,137.99,336.57,1
60,702,740,240,546.67,1333.3,1
60,703,1871.2,289.08,137.99,336.57,1
60,703,740,240,546.67,1333.3,1
60,703,1840.2,436.7,75.203,183.42,0
60,704,1856.9,276.92,126.15,307.69,1
60,704,740,240,546.67,1333.3,1
60,705,1871.9,275.32,106.6,260,1
60,705,740,240,546.67,1333.3,1
60,706,1864.1,261.9,97.575,237.99,1
60,706,740,240,546.67,1333.3,1
60,707,1903.6,257.92,89.578,218.48,1
60,707,740,186.67,546.67,1333.3,1
60,708,1973.5,266.67,89.578,218.48,1
60,708,740,240,546.67,1333.3,1
60,709,740,240,546.67,1333.3,1
60,710,740,240,546.67,1333.3,1
60,711,740,240,546.67,1333.3,1
60,712,740,240,546.67,1333.3,1
60,713,740,240,546.67,1333.3,1
60,714,740,240,546.67,1333.3,1
60,715,740,240,546.67,1333.3,1
60,716,1944.7,244.16,106.6,260,1
60,716,740,240,546.67,1333.3,1
60,717,1878.9,255.32,116.18,283.38,1
60,717,740,240,546.67,1333.3,1
60,718,1856.9,276.92,126.15,307.69,1
60,718,740,240,546.67,1333.3,1
60,719,1822.5,286.24,150.67,367.5,1
60,719,740,240,546.67,1333.3,1
60,720,1774.3,276.19,195.6,477.07,1
60,720,740,240,546.67,1333.3,1
60,721,1726.3,326.76,230.48,562.15,1
60,721,740,240,546.67,1333.3,1
60,722,1603.4,393.22,278.7,679.75,0
60,722,1641.6,737.66,213.21,520.02,1
60,722,740,240,546.67,1333.3,1
60,723,1316.1,471.79,422.19,1029.7,1
60,723,740,240,546.67,1333.3,1
60,728,1790.3,235.29,137.99,336.57,1
60,729,1803.8,235.29,137.99,336.57,1
60,730,1256.1,514.29,391.17,954.08,1
60,730,1845,243.97,116.18,283.38,1
60,730,740,240,546.67,1333.3,1
60,731,1521.7,393.22,278.7,679.75,1
60,731,1903.1,244.16,106.6,260,1
60,731,740,240,546.67,1333.3,1
60,732,2017.6,244.16,106.6,260,1
60,732,1681.4,326.76,230.48,562.15,1
60,732,740,240,546.67,1333.3,1
60,733,1791.6,304.35,178.42,435.16,1
60,733,740,240,546.67,1333.3,1
60,734,1844.2,289.08,137.99,336.57,1
60,734,740,240,546.67,1333.3,1
60,735,1856.9,264.62,126.15,307.69,1
60,736,1882.3,254.55,106.6,260,1
60,737,1959.3,252.38,97.575,237.99,1
60,738,686.67,240,546.67,1333.3,1
60,739,686.67,240,546.67,1333.3,1
60,740,740,240,546.67,1333.3,1
60,742,740,240,546.67,1333.3,1
60,743,740,186.67,546.67,1333.3,1
60,744,740,240,546.67,1333.3,1
60,745,740,186.67,546.67,1333.3,1
60,746,740,240,546.67,1333.3,1
60,747,740,240,546.67,1333.3,1
60,748,740,240,546.67,1333.3,1
60,749,740,240,546.67,1333.3,1
60,750,740,240,546.67,1333.3,1
60,751,740,240,546.67,1333.3,1
60,752,740,240,546.67,1333.3,1
60,753,740,240,546.67,1333.3,1
60,754,740,240,546.67,1333.3,1
60,755,740,240,546.67,1333.3,1
60,756,740,240,546.67,1333.3,1
60,757,740,240,546.67,1333.3,1
60,758,740,240,546.67,1333.3,1
60,759,740,240,546.67,1333.3,1
60,760,740,240,546.67,1333.3,1
60,761,740,240,546.67,1333.3,1
60,762,740,240,546.67,1333.3,1
60,763,740,240,546.67,1333.3,1
60,764,740,240,546.67,1333.3,1
60,765,740,240,546.67,1333.3,1
60,766,740,240,546.67,1333.3,1
60,767,740,240,546.67,1333.3,1
60,768,740,240,546.67,1333.3,1
60,769,740,240,546.67,1333.3,1
60,770,740,240,546.67,1333.3,1
60,771,740,240,546.67,1333.3,1
60,772,740,240,546.67,1333.3,1
60,773,740,240,546.67,1333.3,1
60,774,1949.7,242.86,97.575,237.99,1
60,774,1879,260,82,200,1
60,774,740,240,546.67,1333.3,1
60,775,1903.6,249.18,89.578,218.48,1
60,775,740,240,546.67,1333.3,1
60,776,740,240,546.67,1333.3,1
60,777,740,240,546.67,1333.3,1
60,778,740,240,546.67,1333.3,1
60,779,740,240,546.67,1333.3,1
60,780,740,240,546.67,1333.3,1
60,781,740,240,546.67,1333.3,1
60,782,740,240,546.67,1333.3,1
60,783,740,240,546.67,1333.3,1
60,784,740,240,546.67,1333.3,1
60,785,740,240,546.67,1333.3,1
60,786,740,240,546.67,1333.3,1
60,787,740,240,546.67,1333.3,1
60,788,740,240,546.67,1333.3,1
60,789,740,240,546.67,1333.3,1
60,790,740,240,546.67,1333.3,1
60,791,740,240,546.67,1333.3,1
60,792,740,240,546.67,1333.3,1
60,793,740,240,546.67,1333.3,1
60,794,740,240,546.67,1333.3,1
60,795,740,240,546.67,1333.3,1
60,796,740,240,546.67,1333.3,1
60,797,740,240,546.67,1333.3,1
60,798,740,240,546.67,1333.3,1
60,799,740,240,546.67,1333.3,1
60,800,740,240,546.67,1333.3,1
60,801,740,240,546.67,1333.3,1
60,802,740,240,546.67,1333.3,1
60,803,740,240,546.67,1333.3,1
60,804,740,240,546.67,1333.3,1
60,805,740,240,546.67,1333.3,1
60,806,740,240,546.67,1333.3,1
60,807,740,240,546.67,1333.3,1
60,808,1938.6,249.18,89.578,218.48,1
60,808,740,240,546.67,1333.3,1
60,809,740,240,546.67,1333.3,1
60,810,740,240,546.67,1333.3,1
60,811,740,240,546.67,1333.3,1
60,812,740,240,546.67,1333.3,1
60,813,740,240,546.67,1333.3,1
60,814,740,240,546.67,1333.3,1
60,815,740,240,546.67,1333.3,1
60,816,740,240,546.67,1333.3,1
60,817,740,240,546.67,1333.3,1
60,818,740,240,546.67,1333.3,0
60,818,740,240,546.67,1333.3,1
60,819,740,240,546.67,1333.3,1
60,820,740,240,546.67,1333.3,1
60,821,686.67,240,546.67,1333.3,1
60,822,686.67,240,546.67,1333.3,1
60,824,1246.2,1070.1,213.21,520.02,1
60,825,988.66,628.57,391.17,954.08,1
60,825,686.67,240,546.67,1333.3,0
60,826,1080,972.31,252.31,615.38,1
60,827,1080,972.31,252.31,615.38,1
60,828,1080,972.31,252.31,615.38,1
60,829,903.23,553.85,422.19,1029.7,1
60,829,1167.7,908.47,278.7,679.75,1
60,830,1027.1,512.82,422.19,1029.7,1
60,831,1141.5,514.29,391.17,954.08,1
60,831,1093.8,1224.6,126.15,307.69,1
60,831,1877.4,249.18,89.578,218.48,1
60,832,1179.7,552.38,391.17,954.08,1
60,832,740,240,546.67,1333.3,1
60,833,1137.3,747.83,355.32,866.65,1
60,834,1137.3,747.83,355.32,866.65,1
60,835,1137.3,747.83,355.32,866.65,1
60,836,1217.9,590.48,391.17,954.08,1
60,836,740,240,546.67,1333.3,1
60,837,1332.5,590.48,391.17,954.08,1
60,838,1332.5,590.48,391.17,954.08,1
60,839,1332.5,590.48,391.17,954.08,1
60,840,1332.5,590.48,391.17,954.08,1
60,841,1978.3,261.9,97.575,237.99,1
60,841,1332.5,590.48,391.17,954.08,1
60,842,1274.8,553.85,422.19,1029.7,1
60,842,1944.7,264.94,106.6,260,1
60,843,1955.4,264.62,126.15,307.69,1
60,843,1310.3,713.04,355.32,866.65,1
60,843,1239.4,1095.2,195.6,477.07,0
60,844,1967.7,276.92,126.15,307.69,1
60,844,1563.9,512.82,422.19,1029.7,1
60,844,1535,788,82,200,0
60,845,1690.8,400,355.32,866.65,1
60,845,1943.1,276.92,126.15,307.69,0
60,846,1788,336,328,800,1
60,847,1794,311.86,278.7,679.75,1
60,848,1818.5,332.31,252.31,615.38,1
60,849,1793.8,332.31,252.31,615.38,1
60,850,1818.5,332.31,252.31,615.38,1
60,850,1614,349.3,230.48,562.15,1
60,851,1818.5,332.31,252.31,615.38,1
60,851,1547.7,356.92,252.31,615.38,1
60,851,1527,804,82,200,1
60,852,1818.5,332.31,252.31,615.38,1
60,852,1467.2,338.98,278.7,679.75,1
60,853,1818.5,332.31,252.31,615.38,1
60,853,1473.8,356.92,252.31,615.38,1
60,854,1793.8,332.31,252.31,615.38,1
60,854,1440,338.98,278.7,679.75,1
60,855,1467.2,338.98,278.7,679.75,1
60,855,1818.5,381.54,252.31,615.38,1
60,856,1794,338.98,278.7,679.75,1
60,856,1473.8,381.54,252.31,615.38,1
60,856,746.67,225,513.78,1253.1,1
60,857,1473.8,356.92,252.31,615.38,1
60,857,1794,338.98,278.7,679.75,1
60,857,1938.6,257.92,89.578,218.48,0
60,858,1449.2,381.54,252.31,615.38,1
60,858,1794,311.86,278.7,679.75,1
60,859,1766.8,338.98,278.7,679.75,1
60,859,1473.8,381.54,252.31,615.38,1
60,860,1440,338.98,278.7,679.75,1
60,860,1809,286.96,178.42,435.16,0
60,860,1685.1,447.46,278.7,679.75,1
60,861,1741.8,363.64,298.18,727.27,1
60,861,1440,366.1,278.7,679.75,1
60,862,1467.2,393.22,278.7,679.75,1
60,862,1756,336,328,800,1
60,862,1601.7,907.56,137.99,336.57,1
60,862,740,240,546.67,1333.3,1
60,863,1372,464,328,800,1
60,863,1656.2,400,355.32,866.65,1
60,863,740,240,546.67,1333.3,1
60,864,1109.7,512.82,422.19,1029.7,0
60,864,1605.2,471.79,422.19,1029.7,1
60,864,1468,368,328,800,0
60,864,740,240,546.67,1333.3,1
60,865,1522.6,512.82,422.19,1029.7,1
60,865,1379.5,434.78,355.32,866.65,0
60,865,797.61,666.67,391.17,954.08,1
60,866,1241.1,434.78,355.32,866.65,1
60,866,1522.6,512.82,422.19,1029.7,1
60,866,316.92,947.69,252.31,615.38,1
60,867,1206.5,434.78,355.32,866.65,1
60,867,1563.9,512.82,422.19,1029.7,1
60,867,740,240,546.67,1333.3,1
60,867,1896.1,888.07,150.67,367.5,0
60,868,1241.1,434.78,355.32,866.65,1
60,868,1563.9,512.82,422.19,1029.7,1
60,868,740,240,546.67,1333.3,1
60,869,1241.1,434.78,355.32,866.65,1
60,869,1563.9,512.82,422.19,1029.7,1
60,869,740,240,546.67,1333.3,1
60,870,1179.7,400,391.17,954.08,1
60,870,1563.9,512.82,422.19,1029.7,1
60,870,740,240,546.67,1333.3,1
60,871,1206.5,434.78,355.32,866.65,1
60,871,1563.9,512.82,422.19,1029.7,1
60,871,740,240,546.67,1333.3,1
60,872,1206.5,434.78,355.32,866.65,1
60,872,1563.9,512.82,422.19,1029.7,1
60,872,740,240,546.67,1333.3,1
60,873,1179.7,400,391.17,954.08,0
60,873,1502.9,480,468.57,1142.9,1
60,873,740,240,546.67,1333.3,1
60,874,1241.1,434.78,355.32,866.65,0
60,874,1563.9,512.82,422.19,1029.7,1
60,874,1164.9,777.46,230.48,562.15,1
60,875,1241.1,434.78,355.32,866.65,1
60,875,1563.9,512.82,422.19,1029.7,1
60,875,740,240,546.67,1333.3,1
60,876,1241.1,434.78,355.32,866.65,1
60,876,1563.9,512.82,422.19,1029.7,1
60,876,1975.1,956.95,44.696,109.01,1
60,876,740,240,546.67,1333.3,1
60,877,1241.1,434.78,355.32,866.65,1
60,877,1563.9,512.82,422.19,1029.7,1
60,877,740,240,546.67,1333.3,1
60,878,1241.1,434.78,355.32,866.65,0
60,878,1522.6,512.82,422.19,1029.7,1
60,878,740,240,546.67,1333.3,1
60,879,1241.1,434.78,355.32,866.65,0
60,879,1522.6,512.82,422.19,1029.7,1
60,879,740,240,546.67,1333.3,1
60,879,1164.9,800,230.48,562.15,0
60,880,1241.1,434.78,355.32,866.65,0
60,880,1522.6,512.82,422.19,1029.7,1
60,880,740,240,546.67,1333.3,1
60,881,1241.1,434.78,355.32,866.65,0
60,881,1522.6,512.82,422.19,1029.7,1
60,881,740,240,546.67,1333.3,1
60,881,1164.9,777.46,230.48,562.15,0
60,882,1241.1,434.78,355.32,866.65,0
60,882,1522.6,512.82,422.19,1029.7,0
60,882,740,240,546.67,1333.3,1
60,882,1687.7,553.85,422.19,1029.7,1
60,882,1164.9,777.46,230.48,562.15,0
60,883,1241.1,434.78,355.32,866.65,0
60,883,1522.6,512.82,422.19,1029.7,1
60,883,1871.2,921.01,137.99,336.57,0
60,883,740,240,546.67,1333.3,1
60,883,1164.9,777.46,230.48,562.15,0
60,884,1241.1,434.78,355.32,866.65,1
60,884,1563.9,512.82,422.19,1029.7,1
60,884,740,240,546.67,1333.3,1
60,885,1241.1,434.78,355.32,866.65,0
60,885,1921.1,257.92,89.578,218.48,1
60,885,1522.6,512.82,422.19,1029.7,1
60,885,1871.2,921.01,137.99,336.57,0
60,885,740,240,546.67,1333.3,1
60,885,1164.9,800,230.48,562.15,0
60,886,1241.1,434.78,355.32,866.65,0
60,886,1563.9,512.82,422.19,1029.7,1
60,886,1164.9,777.46,230.48,562.15,0
60,886,740,240,546.67,1333.3,1
60,887,1241.1,434.78,355.32,866.65,0
60,887,1563.9,512.82,422.19,1029.7,1
60,887,1164.9,777.46,230.48,562.15,0
60,887,740,240,546.67,1333.3,1
60,888,1241.1,434.78,355.32,866.65,1
60,888,1563.9,512.82,422.19,1029.7,1
60,888,740,240,546.67,1333.3,1
60,889,1241.1,434.78,355.32,866.65,0
60,889,1563.9,512.82,422.19,1029.7,1
60,889,1164.9,777.46,230.48,562.15,0
60,889,740,240,546.67,1333.3,1
60,890,1241.1,434.78,355.32,866.65,0
60,890,1563.9,512.82,422.19,1029.7,1
60,890,1896.1,917.43,150.67,367.5,0
60,890,1164.9,777.46,230.48,562.15,0
60,890,740,240,546.67,1333.3,1
60,891,1241.1,434.78,355.32,866.65,1
60,891,1563.9,553.85,422.19,1029.7,1
60,891,740,240,546.67,1333.3,1
60,892,1241.1,434.78,355.32,866.65,0
60,892,1594.3,480,468.57,1142.9,1
60,892,1164.9,777.46,230.48,562.15,0
60,892,740,240,546.67,1333.3,1
60,893,1241.1,434.78,355.32,866.65,1
60,893,1563.9,553.85,422.19,1029.7,1
60,893,740,240,546.67,1333.3,1
60,894,1241.1,434.78,355.32,866.65,1
60,894,1563.9,553.85,422.19,1029.7,1
60,894,740,240,546.67,1333.3,1
60,895,1241.1,434.78,355.32,866.65,1
60,895,1563.9,553.85,422.19,1029.7,0
60,895,740,240,546.67,1333.3,1
60,895,1729,553.85,422.19,1029.7,1
60,896,1241.1,434.78,355.32,866.65,1
60,896,1563.9,553.85,422.19,1029.7,1
60,896,740,240,546.67,1333.3,1
60,897,1241.1,434.78,355.32,866.65,1
60,897,1563.9,553.85,422.19,1029.7,1
60,897,740,240,546.67,1333.3,1
60,898,1241.1,434.78,355.32,866.65,1
60,898,1563.9,553.85,422.19,1029.7,0
60,898,740,240,546.67,1333.3,1
60,898,1729,553.85,422.19,1029.7,1
60,899,1241.1,434.78,355.32,866.65,1
60,899,1594.3,480,468.57,1142.9,1
60,899,740,240,546.67,1333.3,1
60,900,1241.1,434.78,355.32,866.65,1
60,900,1563.9,553.85,422.19,1029.7,1
60,900,740,240,546.67,1333.3,1
60,901,1217.9,400,391.17,954.08,1
60,901,1563.9,553.85,422.19,1029.7,1
60,901,740,240,546.67,1333.3,1
60,902,1137.3,434.78,355.32,866.65,0
60,902,1563.9,512.82,422.19,1029.7,1
60,902,740,240,546.67,1333.3,1
60,902,1975.9,929.87,106.6,260,1
60,903,1189.1,421.82,298.18,727.27,1
60,903,1563.9,512.82,422.19,1029.7,1
60,903,1996.5,1047.1,63.358,154.53,1
60,904,1646.5,553.85,422.19,1029.7,1
60,904,1178.5,430.77,252.31,615.38,1
60,905,1102.7,400,355.32,866.65,0
60,905,1365.7,434.29,468.57,1142.9,0
60,905,1687.7,594.87,422.19,1029.7,1
60,905,898.18,887.27,298.18,727.27,1
60,906,1275.7,573.91,355.32,866.65,1
60,906,1182,843.48,178.42,435.16,0
60,906,1182.1,447.62,195.6,477.07,0
60,907,1137.3,400,355.32,866.65,0
60,907,1448.6,434.78,355.32,866.65,0
60,907,1600,628.57,391.17,954.08,1
60,907,686.67,240,546.67,1333.3,1
60,908,1241.1,469.57,355.32,866.65,1
60,908,1572.3,430.77,252.31,615.38,0
60,908,1676.4,628.57,391.17,954.08,1
60,908,686.67,240,546.67,1333.3,1
60,908,1641.5,1167.2,89.578,218.48,0
60,909,1344.9,434.78,355.32,866.65,1
60,909,1620.8,363.64,213.21,520.02,0
60,909,1687.7,553.85,422.19,1029.7,1
60,910,1344.9,434.78,355.32,866.65,1
60,910,1687.1,356.52,178.42,435.16,0
60,910,1729,553.85,422.19,1029.7,1
60,910,820.65,594.87,422.19,1029.7,1
60,910,1650.2,1062.3,89.578,218.48,0
60,910,1861.2,286.96,178.42,435.16,0
60,911,1344.9,434.78,355.32,866.65,1
60,911,1710,312,164,400,0
60,911,740,240,546.67,1333.3,1
60,911,1687.7,553.85,422.19,1029.7,1
60,911,1925.5,271.56,150.67,367.5,1
60,911,1650.2,1079.8,89.578,218.48,0
60,912,1344.9,434.78,355.32,866.65,1
60,912,1687.7,553.85,422.19,1029.7,1
60,912,1770.8,313.85,126.15,307.69,1
60,912,740,240,546.67,1333.3,1
60,912,1925.5,271.56,150.67,367.5,1
60,912,1650.2,1071,89.578,218.48,0
60,913,1344.9,434.78,355.32,866.65,1
60,913,1938.5,262.18,137.99,336.57,1
60,913,1687.7,553.85,422.19,1029.7,1
60,913,1809.4,306.49,106.6,260,1
60,913,1669.6,1169,48.787,118.99,0
60,913,740,240,546.67,1333.3,1
60,914,1344.9,434.78,355.32,866.65,1
60,914,1819.8,285.71,106.6,260,1
60,914,1687.7,553.85,422.19,1029.7,1
60,914,1943.1,252.31,126.15,307.69,1
60,914,1669.6,1173.8,48.787,118.99,0
60,914,740,240,546.67,1333.3,1
60,915,1344.9,434.78,355.32,866.65,1
60,915,1687.7,553.85,422.19,1029.7,1
60,915,1845.1,280.95,97.575,237.99,1
60,915,1955.4,240,126.15,307.69,1
60,915,1669.6,1169,48.787,118.99,0
60,915,740,240,546.67,1333.3,1
60,916,1344.9,434.78,355.32,866.65,1
60,916,1687.7,553.85,422.19,1029.7,1
60,916,1969.6,243.97,116.18,283.38,1
60,916,1840.7,275.32,106.6,260,1
60,916,740,240,546.67,1333.3,1
60,917,1344.9,434.78,355.32,866.65,1
60,917,1687.7,512.82,422.19,1029.7,1
60,917,1987.8,252.38,97.575,237.99,1
60,917,1873.6,261.9,97.575,237.99,1
60,917,1647,1092,82,200,0
60,917,740,240,546.67,1333.3,1
60,918,1344.9,434.78,355.32,866.65,0
60,918,1894.9,266.67,89.578,218.48,1
60,918,1687.7,512.82,422.19,1029.7,0
60,918,1997.3,252.38,97.575,237.99,1
60,918,740,240,546.67,1333.3,1
60,918,1561.8,628.57,391.17,954.08,1
60,919,1344.9,434.78,355.32,866.65,1
60,919,1943,284,82,200,1
60,919,1646.5,553.85,422.19,1029.7,1
60,919,740,240,546.67,1333.3,1
60,920,1344.9,434.78,355.32,866.65,1
60,920,2015.1,349.03,63.358,154.53,1
60,920,1687.7,553.85,422.19,1029.7,1
60,920,740,240,546.67,1333.3,1
60,921,1344.9,434.78,355.32,866.65,1
60,921,1687.7,553.85,422.19,1029.7,1
60,921,740,240,546.67,1333.3,1
60,922,1344.9,434.78,355.32,866.65,1
60,922,1646.5,553.85,422.19,1029.7,1
60,922,740,240,546.67,1333.3,1
60,923,1344.9,434.78,355.32,866.65,1
60,923,1687.7,512.82,422.19,1029.7,1
60,923,740,186.67,546.67,1333.3,1
60,924,1344.9,434.78,355.32,866.65,1
60,924,1687.7,512.82,422.19,1029.7,1
60,924,740,186.67,546.67,1333.3,1
60,925,1344.9,434.78,355.32,866.65,1
60,925,1687.7,512.82,422.19,1029.7,1
60,925,740,240,546.67,1333.3,1
60,926,1344.9,434.78,355.32,866.65,1
60,926,1687.7,512.82,422.19,1029.7,1
60,926,740,240,546.67,1333.3,1
60,927,1344.9,434.78,355.32,866.65,1
60,927,1687.7,553.85,422.19,1029.7,1
60,927,740,240,546.67,1333.3,1
60,928,1344.9,434.78,355.32,866.65,1
60,928,1687.7,512.82,422.19,1029.7,1
60,928,740,240,546.67,1333.3,1
60,929,1344.9,434.78,355.32,866.65,1
60,929,1729,512.82,422.19,1029.7,1
60,929,740,240,546.67,1333.3,1
60,930,1344.9,434.78,355.32,866.65,1
60,930,1729,512.82,422.19,1029.7,1
60,930,740,240,546.67,1333.3,1
60,931,1344.9,434.78,355.32,866.65,1
60,931,1729,512.82,422.19,1029.7,1
60,931,740,240,546.67,1333.3,1
60,932,1344.9,434.78,355.32,866.65,1
60,932,1729,512.82,422.19,1029.7,1
60,932,740,240,546.67,1333.3,1
60,933,1344.9,434.78,355.32,866.65,1
60,933,1729,512.82,422.19,1029.7,1
60,933,740,240,546.67,1333.3,1
60,934,1344.9,434.78,355.32,866.65,1
60,934,1687.7,512.82,422.19,1029.7,1
60,934,740,240,546.67,1333.3,1
60,935,1344.9,434.78,355.32,866.65,1
60,935,1687.7,512.82,422.19,1029.7,1
60,935,740,240,546.67,1333.3,1
60,935,1582.6,1034.8,178.42,435.16,0
60,936,1344.9,434.78,355.32,866.65,1
60,936,1687.7,553.85,422.19,1029.7,1
60,936,740,240,546.67,1333.3,1
60,937,1344.9,434.78,355.32,866.65,1
60,937,1687.7,553.85,422.19,1029.7,1
60,937,740,240,546.67,1333.3,1
60,938,1344.9,434.78,355.32,866.65,1
60,938,1687.7,512.82,422.19,1029.7,1
60,938,740,240,546.67,1333.3,1
60,939,1344.9,434.78,355.32,866.65,1
60,939,1687.7,512.82,422.19,1029.7,1
60,939,793.33,240,546.67,1333.3,1
60,940,1344.9,434.78,355.32,866.65,0
60,940,740,240,546.67,1333.3,1
60,940,1687.7,512.82,422.19,1029.7,0
60,940,1517.8,713.04,355.32,866.65,1
60,941,1344.9,434.78,355.32,866.65,0
60,941,1103.3,552.38,391.17,954.08,0
60,941,1676.4,590.48,391.17,954.08,1
60,941,740,240,546.67,1333.3,1
60,942,1344.9,434.78,355.32,866.65,1
60,942,1676.4,628.57,391.17,954.08,1
60,942,740,240,546.67,1333.3,1
60,943,1344.9,434.78,355.32,866.65,1
60,943,1687.7,553.85,422.19,1029.7,1
60,943,740,240,546.67,1333.3,1
60,944,1344.9,434.78,355.32,866.65,1
60,944,1640,480,468.57,1142.9,1
60,944,740,240,546.67,1333.3,1
60,945,1344.9,434.78,355.32,866.65,1
60,945,1687.7,512.82,422.19,1029.7,1
60,945,740,240,546.67,1333.3,1
60,946,1344.9,434.78,355.32,866.65,1
60,946,1687.7,512.82,422.19,1029.7,1
60,946,740,240,546.67,1333.3,1
60,947,1344.9,434.78,355.32,866.65,1
60,947,1687.7,512.82,422.19,1029.7,1
60,947,740,240,546.67,1333.3,1
60,948,1344.9,434.78,355.32,866.65,1
60,948,1687.7,553.85,422.19,1029.7,1
60,948,740,240,546.67,1333.3,1
60,949,1344.9,434.78,355.32,866.65,1
60,949,1687.7,512.82,422.19,1029.7,1
60,949,740,240,546.67,1333.3,1
60,950,1344.9,434.78,355.32,866.65,1
60,950,1687.7,512.82,422.19,1029.7,1
60,950,740,240,546.67,1333.3,1
60,951,1344.9,434.78,355.32,866.65,1
60,951,1646.5,512.82,422.19,1029.7,1
60,951,740,240,546.67,1333.3,1
60,952,1344.9,434.78,355.32,866.65,1
60,952,1646.5,553.85,422.19,1029.7,1
60,952,740,240,546.67,1333.3,1
60,953,1344.9,434.78,355.32,866.65,1
60,953,1687.7,512.82,422.19,1029.7,1
60,953,740,240,546.67,1333.3,1
60,954,1344.9,434.78,355.32,866.65,1
60,954,1687.7,553.85,422.19,1029.7,1
60,954,740,240,546.67,1333.3,1
60,955,1344.9,434.78,355.32,866.65,1
60,955,1687.7,512.82,422.19,1029.7,1
60,955,740,240,546.67,1333.3,1
60,956,1344.9,434.78,355.32,866.65,1
60,956,1687.7,553.85,422.19,1029.7,1
60,956,740,240,546.67,1333.3,1
60,957,1344.9,434.78,355.32,866.65,1
60,957,1687.7,512.82,422.19,1029.7,1
60,957,740,240,546.67,1333.3,1
60,958,1344.9,434.78,355.32,866.65,1
60,958,1687.7,512.82,422.19,1029.7,1
60,958,740,240,546.67,1333.3,1
60,959,1344.9,434.78,355.32,866.65,1
60,959,1687.7,512.82,422.19,1029.7,1
60,959,740,240,546.67,1333.3,1
60,960,1344.9,434.78,355.32,866.65,1
60,960,1687.7,512.82,422.19,1029.7,1
60,960,740,240,546.67,1333.3,1
60,961,1344.9,434.78,355.32,866.65,1
60,961,1959.3,261.9,97.575,237.99,1
60,961,1687.7,512.82,422.19,1029.7,1
60,961,740,240,546.67,1333.3,1
60,962,1344.9,434.78,355.32,866.65,1
60,962,1687.7,512.82,422.19,1029.7,1
60,962,1903.1,275.32,106.6,260,1
60,962,740,240,546.67,1333.3,1
60,963,1344.9,434.78,355.32,866.65,1
60,963,1687.7,553.85,422.19,1029.7,1
60,963,740,240,546.67,1333.3,1
60,964,1344.9,434.78,355.32,866.65,1
60,964,1687.7,553.85,422.19,1029.7,1
60,964,740,240,546.67,1333.3,1
60,965,1344.9,434.78,355.32,866.65,1
60,965,1687.7,553.85,422.19,1029.7,1
60,965,740,240,546.67,1333.3,1
60,965,1749,374.31,150.67,367.5,0
60,966,1310.3,434.78,355.32,866.65,1
60,966,1687.7,512.82,422.19,1029.7,1
60,966,740,240,546.67,1333.3,1
60,966,1683.3,322.08,213.21,520.02,0
60,967,1687.7,512.82,422.19,1029.7,1
60,967,740,240,546.67,1333.3,1
60,967,1591.6,687.32,230.48,562.15,0
60,968,1276,464,328,800,1
60,968,1646.5,553.85,422.19,1029.7,1
60,968,740,240,546.67,1333.3,1
60,969,1687.7,512.82,422.19,1029.7,1
60,969,1164.6,1156.5,178.42,435.16,1
60,969,686.67,240,546.67,1333.3,1
60,969,1587,365.22,355.32,866.65,0
60,970,1587,400,355.32,866.65,0
60,970,1687.7,553.85,422.19,1029.7,1
60,970,740,240,546.67,1333.3,1
60,971,1587,400,355.32,866.65,0
60,971,1687.7,553.85,422.19,1029.7,1
60,972,1587,434.78,355.32,866.65,0
60,972,1687.7,553.85,422.19,1029.7,1
60,972,740,240,546.67,1333.3,1
60,973,1587,434.78,355.32,866.65,0
60,973,1687.7,553.85,422.19,1029.7,1
60,973,740,240,546.67,1333.3,1
60,974,1587,400,355.32,866.65,0
60,974,1687.7,553.85,422.19,1029.7,1
60,974,740,240,546.67,1333.3,1
60,975,1587,400,355.32,866.65,0
60,975,1687.7,553.85,422.19,1029.7,1
60,975,740,240,546.67,1333.3,1
60,976,1587,400,355.32,866.65,0
60,976,1687.7,553.85,422.19,1029.7,1
60,976,740,240,546.67,1333.3,1
60,977,1587,400,355.32,866.65,0
60,977,1687.7,553.85,422.19,1029.7,1
60,977,740,240,546.67,1333.3,1
60,978,1646.5,512.82,422.19,1029.7,1
60,978,1552.4,400,355.32,866.65,0
60,978,740,240,546.67,1333.3,1
60,979,1687.7,512.82,422.19,1029.7,1
60,979,1596.4,421.82,298.18,727.27,0
60,979,740,240,546.67,1333.3,1
60,980,1640,480,468.57,1142.9,1
60,980,740,240,546.67,1333.3,1
60,980,1623.5,770,41,100,0
60,981,1596.4,421.82,298.18,727.27,0
60,981,1687.7,553.85,422.19,1029.7,1
60,981,740,240,546.67,1333.3,1
60,982,1687.7,553.85,422.19,1029.7,1
60,982,1596.4,421.82,298.18,727.27,0
60,982,740,240,546.67,1333.3,1
60,983,1646.5,512.82,422.19,1029.7,1
60,983,740,240,546.67,1333.3,1
60,983,1564,400,328,800,0
60,984,1646.5,553.85,422.19,1029.7,1
60,984,740,240,546.67,1333.3,1
60,985,1587,434.78,355.32,866.65,0
60,985,1687.7,553.85,422.19,1029.7,1
60,985,740,240,546.67,1333.3,1
60,986,1587,400,355.32,866.65,0
60,986,1687.7,553.85,422.19,1029.7,1
60,986,740,240,546.67,1333.3,1
60,987,1596,400,328,800,0
60,987,1687.7,553.85,422.19,1029.7,1
60,987,740,240,546.67,1333.3,1
60,988,1587,400,355.32,866.65,0
60,988,1687.7,553.85,422.19,1029.7,1
60,988,740,240,546.67,1333.3,1
60,989,1587,400,355.32,866.65,0
60,989,1687.7,553.85,422.19,1029.7,1
60,989,740,240,546.67,1333.3,1
60,990,1587,400,355.32,866.65,0
60,990,1687.7,553.85,422.19,1029.7,1
60,990,740,240,546.67,1333.3,1
60,991,1587,400,355.32,866.65,0
60,991,1687.7,553.85,422.19,1029.7,1
60,991,740,240,546.67,1333.3,1
60,992,1587,400,355.32,866.65,0
60,992,1687.7,553.85,422.19,1029.7,1
60,992,740,240,546.67,1333.3,1
60,993,1587,400,355.32,866.65,0
60,993,1687.7,553.85,422.19,1029.7,1
60,993,740,240,546.67,1333.3,1
60,994,1640,434.29,468.57,1142.9,1
60,994,740,240,546.67,1333.3,1
60,995,1628,464,328,800,0
60,995,1729,553.85,422.19,1029.7,1
60,995,740,240,546.67,1333.3,1
60,996,1660,432,328,800,0
60,996,740,240,546.67,1333.3,1
60,996,1752.8,590.48,391.17,954.08,1
60,997,1621.6,400,355.32,866.65,0
60,997,1714.6,590.48,391.17,954.08,1
60,997,740,240,546.67,1333.3,1
60,998,1687.7,553.85,422.19,1029.7,1
60,998,740,240,546.67,1333.3,1
60,999,1687.7,553.85,422.19,1029.7,1
60,999,740,240,546.67,1333.3,1
60,999,1666.2,750.65,53.234,129.84,0
60,1000,1687.7,553.85,422.19,1029.7,1
60,1000,740,240,546.67,1333.3,1
60,1000,1775.5,490,41,100,0
60,1001,1687.7,553.85,422.19,1029.7,1
60,1002,1687.7,553.85,422.19,1029.7,1
60,1002,912.24,666.67,391.17,954.08,1
60,1002,696.47,225,513.78,1253.1,0
60,1003,1171.9,504.35,355.32,866.65,0
60,1003,1687.7,553.85,422.19,1029.7,1
60,1003,740,240,546.67,1333.3,1
60,1004,1687.7,553.85,422.19,1029.7,1
60,1004,1340,400,328,800,1
60,1004,740,240,546.67,1333.3,1
60,1005,1687.7,553.85,422.19,1029.7,1
60,1005,1572.3,356.92,252.31,615.38,0
60,1005,740,240,546.67,1333.3,1
60,1006,1650.2,325,513.78,1253.1,1
60,1006,740,240,546.67,1333.3,1
60,1007,1687.7,553.85,422.19,1029.7,1
60,1007,1878.6,321.74,178.42,435.16,0
60,1007,740,240,546.67,1333.3,1
60,1008,1687.7,553.85,422.19,1029.7,1
60,1008,2001.5,352.94,68.884,168.01,1
60,1008,740,240,546.67,1333.3,1
60,1008,1625.5,421.82,298.18,727.27,0
60,1009,1687.7,553.85,422.19,1029.7,1
60,1009,1930.8,301.54,126.15,307.69,1
60,1009,1625.5,421.82,298.18,727.27,0
60,1009,740,240,546.67,1333.3,1
60,1010,1930.8,276.92,126.15,307.69,1
60,1010,1687.7,553.85,422.19,1029.7,1
60,1010,740,240,546.67,1333.3,1
60,1010,1625.5,421.82,298.18,727.27,0
60,1011,1930.8,276.92,126.15,307.69,1
60,1011,1687.7,553.85,422.19,1029.7,1
60,1011,740,240,546.67,1333.3,1
60,1012,1930.8,252.31,126.15,307.69,1
60,1012,1687.7,553.85,422.19,1029.7,1
60,1012,740,240,546.67,1333.3,1
60,1012,1587,434.78,355.32,866.65,0
60,1013,1944.7,264.94,106.6,260,1
60,1013,1687.7,553.85,422.19,1029.7,1
60,1013,740,240,546.67,1333.3,1
60,1013,1587,434.78,355.32,866.65,0
60,1014,1978.3,252.38,97.575,237.99,1
60,1014,1687.7,553.85,422.19,1029.7,1
60,1014,740,240,546.67,1333.3,1
60,1015,1687.7,553.85,422.19,1029.7,1
60,1015,740,240,546.67,1333.3,1
60,1016,1687.7,553.85,422.19,1029.7,1
60,1016,740,240,546.67,1333.3,1
60,1016,1630.6,420.34,278.7,679.75,0
60,1017,1687.7,553.85,422.19,1029.7,1
60,1017,740,240,546.67,1333.3,1
60,1017,1625.5,421.82,298.18,727.27,0
60,1018,1687.7,553.85,422.19,1029.7,1
60,1018,1625.5,421.82,298.18,727.27,0
60,1018,740,240,546.67,1333.3,1
60,1019,1621.6,400,355.32,866.65,0
60,1019,1687.7,594.87,422.19,1029.7,1
60,1019,740,240,546.67,1333.3,1
60,1020,1687.7,553.85,422.19,1029.7,1
60,1020,740,240,546.67,1333.3,1
60,1020,1587,434.78,355.32,866.65,0
60,1021,1687.7,553.85,422.19,1029.7,1
60,1021,740,240,546.67,1333.3,1
60,1022,1687.7,553.85,422.19,1029.7,1
60,1022,740,240,546.67,1333.3,1
60,1022,1625.5,421.82,298.18,727.27,0
60,1023,1687.7,553.85,422.19,1029.7,1
60,1023,740,240,546.67,1333.3,1
60,1023,1625.5,421.82,298.18,727.27,0
60,1024,1687.7,553.85,422.19,1029.7,1
60,1024,740,240,546.67,1333.3,1
60,1024,1625.5,421.82,298.18,727.27,0
60,1025,1687.7,553.85,422.19,1029.7,1
60,1025,740,240,546.67,1333.3,1
60,1025,1625.5,421.82,298.18,727.27,0
60,1026,1687.7,553.85,422.19,1029.7,1
60,1026,740,240,546.67,1333.3,1
60,1026,1630.6,420.34,278.7,679.75,0
60,1027,1687.7,553.85,422.19,1029.7,1
60,1027,740,240,546.67,1333.3,1
60,1027,1630.6,420.34,278.7,679.75,0
60,1028,1687.7,553.85,422.19,1029.7,1
60,1028,740,240,546.67,1333.3,1
60,1028,1625.5,421.82,298.18,727.27,0
60,1029,1687.7,553.85,422.19,1029.7,1
60,1029,740,240,546.67,1333.3,1
60,1029,1625.5,421.82,298.18,727.27,0
60,1030,1687.7,553.85,422.19,1029.7,1
60,1030,740,240,546.67,1333.3,1
60,1030,1625.5,421.82,298.18,727.27,0
60,1031,1687.7,553.85,422.19,1029.7,1
60,1031,740,240,546.67,1333.3,1
60,1032,1687.7,553.85,422.19,1029.7,1
60,1032,740,240,546.67,1333.3,1
60,1033,1687.7,594.87,422.19,1029.7,1
60,1033,740,240,546.67,1333.3,1
60,1033,1621.6,400,355.32,866.65,0
60,1034,1687.7,553.85,422.19,1029.7,1
60,1034,1596,464,328,800,0
60,1034,740,240,546.67,1333.3,1
60,1035,1552.4,469.57,355.32,866.65,0
60,1035,1687.7,553.85,422.19,1029.7,1
60,1035,740,240,546.67,1333.3,1
60,1036,1483.2,469.57,355.32,866.65,0
60,1036,1687.7,553.85,422.19,1029.7,1
60,1036,740,240,546.67,1333.3,1
60,1037,1500,464,328,800,0
60,1037,1646.5,553.85,422.19,1029.7,1
60,1037,740,240,546.67,1333.3,1
60,1038,1517.8,434.78,355.32,866.65,0
60,1038,1687.7,553.85,422.19,1029.7,1
60,1038,740,240,546.67,1333.3,1
60,1039,1687.7,553.85,422.19,1029.7,1
60,1039,1532,432,328,800,0
60,1039,740,240,546.67,1333.3,1
60,1040,1532,432,328,800,0
60,1040,1687.7,553.85,422.19,1029.7,1
60,1040,740,240,546.67,1333.3,1
60,1041,1532,432,328,800,0
60,1041,1687.7,553.85,422.19,1029.7,1
60,1041,740,240,546.67,1333.3,1
60,1042,1949.7,261.9,97.575,237.99,1
60,1042,1532,432,328,800,0
60,1042,1729,553.85,422.19,1029.7,1
60,1042,740,240,546.67,1333.3,1
60,1043,1532,432,328,800,0
60,1043,1890.3,255.32,116.18,283.38,1
60,1043,1687.7,553.85,422.19,1029.7,1
60,1043,740,240,546.67,1333.3,1
60,1044,1532,432,328,800,0
60,1044,1845,278.01,116.18,283.38,1
60,1044,1687.7,553.85,422.19,1029.7,1
60,1044,740,240,546.67,1333.3,1
60,1045,1532,432,328,800,0
60,1045,1807.7,301.54,126.15,307.69,0
60,1045,1687.7,553.85,422.19,1029.7,1
60,1045,740,240,546.67,1333.3,1
60,1046,1532,432,328,800,0
60,1046,1650.2,375,513.78,1253.1,1
60,1046,740,240,546.67,1333.3,1
60,1047,1532,464,328,800,0
60,1047,1729,553.85,422.19,1029.7,1
60,1047,740,240,546.67,1333.3,1
60,1048,1517.8,400,355.32,866.65,0
60,1048,1729,553.85,422.19,1029.7,1
60,1048,740,240,546.67,1333.3,1
60,1049,1206.5,434.78,355.32,866.65,1
60,1049,1552.4,434.78,355.32,866.65,0
60,1049,1646.5,553.85,422.19,1029.7,1
60,1049,740,240,546.67,1333.3,1
60,1050,1517.8,400,355.32,866.65,0
60,1050,1687.7,553.85,422.19,1029.7,1
60,1050,740,240,546.67,1333.3,1
60,1051,1517.8,400,355.32,866.65,0
60,1051,1687.7,553.85,422.19,1029.7,1
60,1051,740,240,546.67,1333.3,1
60,1052,1532,432,328,800,0
60,1052,1729,553.85,422.19,1029.7,1
60,1052,740,240,546.67,1333.3,1
60,1053,1532,432,328,800,0
60,1053,1729,553.85,422.19,1029.7,1
60,1053,740,240,546.67,1333.3,1
60,1054,1532,432,328,800,0
60,1054,1640,480,468.57,1142.9,1
60,1054,740,240,546.67,1333.3,1
60,1055,1532,432,328,800,0
60,1055,1690.8,713.04,355.32,866.65,1
60,1055,740,240,546.67,1333.3,1
60,1056,1532,432,328,800,0
60,1056,1690.8,747.83,355.32,866.65,1
60,1056,740,240,546.67,1333.3,1
60,1057,1532,432,328,800,0
60,1057,1729,553.85,422.19,1029.7,1
60,1057,740,240,546.67,1333.3,1
60,1058,1532,432,328,800,0
60,1058,1687.7,553.85,422.19,1029.7,1
60,1058,740,240,546.67,1333.3,1
60,1059,1741.8,800,298.18,727.27,0
60,1059,1532,432,328,800,0
60,1059,1621.5,972.31,252.31,615.38,1
60,1059,740,240,546.67,1333.3,1
60,1060,1517.8,434.78,355.32,866.65,0
60,1060,1646.5,594.87,422.19,1029.7,1
60,1060,740,240,546.67,1333.3,1
60,1061,1448.6,469.57,355.32,866.65,0
60,1061,1646.5,553.85,422.19,1029.7,1
60,1061,740,240,546.67,1333.3,1
60,1061,1559,1252.3,57.935,141.31,1
60,1062,1344.9,469.57,355.32,866.65,1
60,1062,1687.7,553.85,422.19,1029.7,1
60,1062,740,240,546.67,1333.3,1
60,1062,1344.4,1202.2,89.578,218.48,1
60,1063,1206.5,504.35,355.32,866.65,1
60,1063,1687.7,512.82,422.19,1029.7,1
60,1063,740,240,546.67,1333.3,1
60,1064,1151,471.79,422.19,1029.7,0
60,1064,1646.5,594.87,422.19,1029.7,1
60,1064,740,240,546.67,1333.3,1
60,1065,1171.9,504.35,355.32,866.65,0
60,1065,1687.7,553.85,422.19,1029.7,1
60,1065,740,240,546.67,1333.3,1
60,1066,1983,276,82,200,1
60,1066,1212,592,328,800,1
60,1066,1687.7,553.85,422.19,1029.7,1
60,1066,740,240,546.67,1333.3,1
60,1067,1912.4,257.92,89.578,218.48,1
60,1067,1212,624,328,800,1
60,1067,1687.7,553.85,422.19,1029.7,1
60,1067,740,240,546.67,1333.3,1
60,1068,1179.7,476.19,391.17,954.08,1
60,1068,1859.9,249.18,89.578,218.48,1
60,1068,1646.5,553.85,422.19,1029.7,1
60,1068,740,240,546.67,1333.3,1
60,1069,1151,512.82,422.19,1029.7,0
60,1069,1646.5,594.87,422.19,1029.7,1
60,1069,740,240,546.67,1333.3,1
60,1070,1103.3,590.48,391.17,954.08,0
60,1070,1690.8,713.04,355.32,866.65,1
60,1070,740,240,546.67,1333.3,1
60,1070,1847.6,275.23,75.203,183.42,1
60,1071,944.52,594.87,422.19,1029.7,1
60,1071,1594.3,434.29,468.57,1142.9,1
60,1071,1842.5,249.18,89.578,218.48,1
60,1071,696.47,225,513.78,1253.1,0
60,1072,944.52,553.85,422.19,1029.7,1
60,1072,1687.7,512.82,422.19,1029.7,1
60,1072,1842.5,249.18,89.578,218.48,1
60,1072,696.47,225,513.78,1253.1,0
60,1073,985.81,594.87,422.19,1029.7,1
60,1073,1729,594.87,422.19,1029.7,1
60,1073,1847,268,82,200,1
60,1073,696.47,225,513.78,1253.1,0
60,1074,1847,268,82,200,1
60,1074,835.82,628.57,391.17,954.08,1
60,1075,1859.9,249.18,89.578,218.48,1
60,1076,1851.2,249.18,89.578,218.48,1
60,1077,740,240,546.67,1333.3,1
60,1078,1847.6,282.57,75.203,183.42,1
60,1078,740,240,546.67,1333.3,1
60,1079,1847.6,275.23,75.203,183.42,1
60,1079,1964.8,240.44,89.578,218.48,1
60,1079,740,240,546.67,1333.3,1
60,1080,1973.5,249.18,89.578,218.48,1
60,1080,1854.9,275.23,75.203,183.42,1
60,1080,746.67,225,513.78,1253.1,1
60,1081,1973.5,249.18,89.578,218.48,1
60,1081,1847.6,275.23,75.203,183.42,1
60,1081,740,240,546.67,1333.3,1
60,1082,1847,268,82,200,1
60,1082,740,240,546.67,1333.3,1
60,1083,1847.6,275.23,75.203,183.42,1
60,1083,740,240,546.67,1333.3,1
60,1084,1847,268,82,200,1
60,1084,686.67,240,546.67,1333.3,1
60,1085,740,240,546.67,1333.3,1
60,1085,1847.6,275.23,75.203,183.42,1
60,1086,740,240,546.67,1333.3,1
60,1086,1847.6,282.57,75.203,183.42,1
60,1087,740,240,546.67,1333.3,1
60,1087,1847.6,282.57,75.203,183.42,1
60,1088,1847,268,82,200,1
60,1088,740,240,546.67,1333.3,1
60,1089,1851.2,249.18,89.578,218.48,1
60,1089,740,240,546.67,1333.3,1
60,1090,1847.6,282.57,75.203,183.42,1
60,1090,740,240,546.67,1333.3,1
60,1091,1847,276,82,200,1
60,1091,740,240,546.67,1333.3,1
60,1092,1851.2,249.18,89.578,218.48,1
60,1092,740,240,546.67,1333.3,1
60,1093,1859.9,249.18,89.578,218.48,1
60,1093,740,240,546.67,1333.3,1
60,1094,1877.4,257.92,89.578,218.48,1
60,1094,740,240,546.67,1333.3,1
60,1095,1883.1,252.38,97.575,237.99,1
60,1095,740,240,546.67,1333.3,1
60,1096,1911.7,280.95,97.575,237.99,1
60,1096,740,240,546.67,1333.3,1
60,1097,1901.6,278.01,116.18,283.38,1
60,1097,740,240,546.67,1333.3,1
60,1098,1893.8,301.54,126.15,307.69,1
60,1098,740,240,546.67,1333.3,1
60,1099,1869.2,326.15,126.15,307.69,1
60,1099,740,240,546.67,1333.3,1
60,1100,1822.5,344.95,150.67,367.5,1
60,1100,740,240,546.67,1333.3,1
60,1101,1793.4,352.38,195.6,477.07,1
60,1101,740,240,546.67,1333.3,1
60,1102,1766.5,405.19,213.21,520.02,1
60,1102,740,240,546.67,1333.3,1
60,1102,1866.7,344.95,150.67,367.5,0
60,1103,1685.1,420.34,278.7,679.75,1
60,1103,740,240,546.67,1333.3,1
60,1104,1552.4,504.35,355.32,866.65,1
60,1104,740,240,546.67,1333.3,1
60,1105,1334.5,829.09,298.18,727.27,0
60,1105,1218.2,858.18,298.18,727.27,1
60,1105,740,240,546.67,1333.3,1
60,1106,686.67,240,546.67,1333.3,1
60,1107,740,240,546.67,1333.3,1
60,1108,740,240,546.67,1333.3,1
60,1109,740,240,546.67,1333.3,1
60,1110,740,240,546.67,1333.3,1
60,1111,740,240,546.67,1333.3,1
60,1112,740,240,546.67,1333.3,1
60,1113,740,240,546.67,1333.3,1
60,1114,740,240,546.67,1333.3,1
60,1115,740,240,546.67,1333.3,1
60,1116,740,240,546.67,1333.3,1
60,1117,740,240,546.67,1333.3,1
60,1118,740,240,546.67,1333.3,1
60,1119,740,240,546.67,1333.3,1
60,1120,740,240,546.67,1333.3,1
60,1121,740,240,546.67,1333.3,1
60,1122,740,240,546.67,1333.3,1
60,1123,740,240,546.67,1333.3,1
60,1124,1983,260,82,200,0
60,1124,740,240,546.67,1333.3,1
60,1124,1974.6,339.5,68.884,168.01,1
60,1125,1913.5,264.94,106.6,260,1
60,1125,740,240,546.67,1333.3,1
60,1126,1893.8,264.62,126.15,307.69,1
60,1126,740,240,546.67,1333.3,1
60,1127,1881.4,271.56,150.67,367.5,1
60,1127,740,240,546.67,1333.3,1
60,1128,1870,296,164,400,1
60,1128,740,240,546.67,1333.3,1
60,1129,1812.5,314.29,195.6,477.07,1
60,1129,740,240,546.67,1333.3,1
60,1130,1703.9,349.3,230.48,562.15,1
60,1130,740,240,546.67,1333.3,1
60,1131,1532,368,328,800,1
60,1131,740,240,546.67,1333.3,1
60,1132,1141.5,476.19,391.17,954.08,0
60,1132,740,240,546.67,1333.3,1
60,1133,740,186.67,546.67,1333.3,1
60,1134,898.18,741.82,298.18,727.27,1
60,1134,879.5,782,41,100,0
60,1134,893.66,618.18,106.6,260,0
60,1135,874.03,666.67,391.17,954.08,1
60,1135,1072.7,858.18,298.18,727.27,0
60,1136,740,186.67,546.67,1333.3,1
60,1137,686.67,240,546.67,1333.3,1
60,1139,686.67,240,546.67,1333.3,1
60,1141,686.67,240,546.67,1333.3,1
60,1142,686.67,240,546.67,1333.3,1
60,1143,686.67,240,546.67,1333.3,1
60,1144,686.67,240,546.67,1333.3,1
60,1145,686.67,240,546.67,1333.3,1
60,1146,686.67,240,546.67,1333.3,1
60,1147,686.67,240,546.67,1333.3,1
60,1148,686.67,240,546.67,1333.3,1
60,1149,686.67,240,546.67,1333.3,1
60,1150,740,240,546.67,1333.3,1
60,1151,740,240,546.67,1333.3,1
60,1152,740,240,546.67,1333.3,1
60,1153,740,240,546.67,1333.3,1
60,1154,740,240,546.67,1333.3,1
60,1155,740,240,546.67,1333.3,1
60,1156,740,240,546.67,1333.3,1
60,1157,740,240,546.67,1333.3,1
60,1158,740,240,546.67,1333.3,1
60,1159,740,240,546.67,1333.3,1
60,1160,740,240,546.67,1333.3,1
60,1161,740,240,546.67,1333.3,1
60,1162,740,240,546.67,1333.3,1
60,1163,686.67,240,546.67,1333.3,1
60,1164,686.67,240,546.67,1333.3,1
60,1165,1983,260,82,200,1
60,1165,740,240,546.67,1333.3,1
60,1166,740,240,546.67,1333.3,1
60,1167,686.67,240,546.67,1333.3,1
60,1168,686.67,240,546.67,1333.3,1
60,1169,740,240,546.67,1333.3,1
60,1170,740,240,546.67,1333.3,1
60,1171,740,240,546.67,1333.3,1
60,1172,686.67,240,546.67,1333.3,1
60,1173,740,240,546.67,1333.3,1
60,1174,686.67,240,546.67,1333.3,1
60,1175,686.67,240,546.67,1333.3,1
60,1176,740,240,546.67,1333.3,1
60,1177,686.67,240,546.67,1333.3,1
60,1178,686.67,240,546.67,1333.3,1
60,1179,686.67,240,546.67,1333.3,1
60,1180,740,240,546.67,1333.3,1
60,1181,740,240,546.67,1333.3,1
60,1182,740,240,546.67,1333.3,1
60,1183,740,240,546.67,1333.3,1
60,1184,740,240,546.67,1333.3,1
60,1185,740,240,546.67,1333.3,1
60,1186,740,240,546.67,1333.3,1
60,1187,740,240,546.67,1333.3,1
60,1188,740,240,546.67,1333.3,1
60,1189,740,240,546.67,1333.3,1
60,1190,740,240,546.67,1333.3,1
60,1191,740,240,546.67,1333.3,1
60,1192,740,240,546.67,1333.3,1
60,1193,740,240,546.67,1333.3,1
60,1194,740,240,546.67,1333.3,1
60,1195,740,240,546.67,1333.3,1
60,1196,740,240,546.67,1333.3,1
60,1197,740,240,546.67,1333.3,1
60,1198,740,240,546.67,1333.3,1
60,1199,740,240,546.67,1333.3,1
60,1200,740,240,546.67,1333.3,1
60,1201,740,240,546.67,1333.3,1
60,1202,740,240,546.67,1333.3,1
60,1203,740,240,546.67,1333.3,1
60,1204,740,240,546.67,1333.3,1
60,1205,1978.3,252.38,97.575,237.99,1
60,1205,740,240,546.67,1333.3,1
60,1206,1906.2,252.31,126.15,307.69,1
60,1206,740,240,546.67,1333.3,1
60,1207,1881.5,276.92,126.15,307.69,1
60,1207,740,240,546.67,1333.3,1
60,1208,1852,286.24,150.67,367.5,1
60,1208,740,240,546.67,1333.3,1
60,1209,1774.3,295.24,195.6,477.07,1
60,1209,740,240,546.67,1333.3,1
60,1210,1670.8,307.69,252.31,615.38,1
60,1210,740,240,546.67,1333.3,1
60,1211,1436,400,328,800,1
60,1211,740,240,546.67,1333.3,1
60,1212,1027.1,512.82,422.19,1029.7,0
60,1212,740,240,546.67,1333.3,1
60,1213,903.23,553.85,422.19,1029.7,1
60,1214,746.67,225,513.78,1253.1,1
60,1215,740,240,546.67,1333.3,1
60,1216,740,240,546.67,1333.3,1
60,1217,686.67,240,546.67,1333.3,0
60,1217,686.67,240,546.67,1333.3,1
60,1218,686.67,240,546.67,1333.3,1
60,1219,740,240,546.67,1333.3,1
60,1220,740,240,546.67,1333.3,1
60,1221,740,240,546.67,1333.3,1
60,1222,740,240,546.67,1333.3,1
60,1223,740,240,546.67,1333.3,1
60,1224,740,240,546.67,1333.3,1
60,1225,740,240,546.67,1333.3,1
60,1226,740,240,546.67,1333.3,1
60,1227,740,240,546.67,1333.3,1
60,1228,740,240,546.67,1333.3,1
60,1229,740,240,546.67,1333.3,1
60,1230,740,240,546.67,1333.3,1
60,1231,740,240,546.67,1333.3,1
60,1232,686.67,240,546.67,1333.3,1
60,1233,740,186.67,546.67,1333.3,1
60,1234,740,240,546.67,1333.3,1
60,1235,740,240,546.67,1333.3,1
60,1236,740,240,546.67,1333.3,1
60,1237,740,240,546.67,1333.3,1
60,1238,740,240,546.67,1333.3,1
60,1239,874.03,514.29,391.17,954.08,1
60,1240,903.23,553.85,422.19,1029.7,1
60,1241,1026.9,552.38,391.17,954.08,1
60,1241,1443.8,850.42,68.884,168.01,1
60,1242,1197.5,1122.7,137.99,336.57,0
60,1242,1241.1,539.13,355.32,866.65,1
60,1242,746.67,225,513.78,1253.1,1
60,1243,1564,368,328,800,1
60,1244,1748.8,326.76,230.48,562.15,1
60,1245,1838,296,164,400,1
60,1245,740,240,546.67,1333.3,1
60,1246,1866.7,256.88,150.67,367.5,1
60,1246,686.67,240,546.67,1333.3,1
60,1247,1906.2,252.31,126.15,307.69,1
60,1247,686.67,240,546.67,1333.3,1
60,1248,1944.7,254.55,106.6,260,1
60,1249,686.67,240,546.67,1333.3,1
60,1250,686.67,240,546.67,1333.3,1
60,1252,740,240,546.67,1333.3,1
60,1253,740,240,546.67,1333.3,1
60,1254,740,240,546.67,1333.3,1
60,1255,740,240,546.67,1333.3,1
60,1256,740,240,546.67,1333.3,1
60,1257,740,240,546.67,1333.3,1
60,1258,740,240,546.67,1333.3,1
60,1259,740,186.67,546.67,1333.3,1
60,1262,740,240,546.67,1333.3,1
60,1263,740,186.67,546.67,1333.3,1
60,1264,740,240,546.67,1333.3,1
60,1265,740,240,546.67,1333.3,1
60,1269,740,240,546.67,1333.3,1
60,1270,740,240,546.67,1333.3,1
60,1271,740,240,546.67,1333.3,1
60,1272,740,240,546.67,1333.3,1
60,1273,740,240,546.67,1333.3,1
60,1274,740,240,546.67,1333.3,1
60,1275,740,240,546.67,1333.3,1
60,1276,740,240,546.67,1333.3,1
60,1277,740,240,546.67,1333.3,1
60,1278,740,240,546.67,1333.3,1
60,1279,740,240,546.67,1333.3,1
60,1280,740,240,546.67,1333.3,1
60,1281,740,240,546.67,1333.3,1
60,1282,740,240,546.67,1333.3,1
60,1283,740,240,546.67,1333.3,1
60,1284,740,240,546.67,1333.3,1
60,1285,740,240,546.67,1333.3,1
60,1286,740,240,546.67,1333.3,1
60,1287,740,240,546.67,1333.3,1
60,1288,740,240,546.67,1333.3,1
60,1289,740,240,546.67,1333.3,1
60,1290,740,240,546.67,1333.3,1
60,1291,740,240,546.67,1333.3,1
60,1292,740,240,546.67,1333.3,1
60,1293,740,240,546.67,1333.3,1
60,1294,740,240,546.67,1333.3,1
60,1295,740,240,546.67,1333.3,1
60,1296,740,240,546.67,1333.3,1
60,1297,740,240,546.67,1333.3,1
60,1298,740,240,546.67,1333.3,1
60,1299,740,240,546.67,1333.3,1
60,1300,740,240,546.67,1333.3,1
60,1301,740,240,546.67,1333.3,1
60,1302,740,240,546.67,1333.3,1
60,1303,740,240,546.67,1333.3,1
60,1304,740,240,546.67,1333.3,1
60,1305,740,240,546.67,1333.3,1
60,1306,740,240,546.67,1333.3,1
60,1307,740,240,546.67,1333.3,1
60,1308,740,240,546.67,1333.3,1
60,1309,740,186.67,546.67,1333.3,1
60,1310,740,186.67,546.67,1333.3,1
60,1313,740,240,546.67,1333.3,1
60,1314,740,240,546.67,1333.3,1
60,1315,740,240,546.67,1333.3,1
60,1316,740,240,546.67,1333.3,1
60,1317,740,240,546.67,1333.3,1
60,1318,740,240,546.67,1333.3,1
60,1319,740,240,546.67,1333.3,1
60,1320,740,240,546.67,1333.3,1
60,1321,740,240,546.67,1333.3,1
60,1322,740,240,546.67,1333.3,1
60,1323,686.67,240,546.67,1333.3,1
60,1324,686.67,240,546.67,1333.3,1
60,1325,740,240,546.67,1333.3,1
60,1326,740,240,546.67,1333.3,1
60,1327,740,240,546.67,1333.3,1
60,1328,740,240,546.67,1333.3,1
60,1329,740,240,546.67,1333.3,1
60,1330,740,240,546.67,1333.3,1
60,1331,740,240,546.67,1333.3,1
60,1332,740,240,546.67,1333.3,1
60,1333,740,240,546.67,1333.3,1
60,1334,686.67,240,546.67,1333.3,1
60,1335,740,240,546.67,1333.3,1
60,1336,740,240,546.67,1333.3,1
60,1337,740,240,546.67,1333.3,1
60,1338,740,240,546.67,1333.3,1
60,1339,740,240,546.67,1333.3,1
60,1340,686.67,240,546.67,1333.3,1
60,1341,740,240,546.67,1333.3,1
60,1342,740,240,546.67,1333.3,1
60,1343,740,240,546.67,1333.3,1
60,1344,740,240,546.67,1333.3,1
60,1345,740,240,546.67,1333.3,1
60,1346,740,240,546.67,1333.3,1
60,1347,740,240,546.67,1333.3,1
60,1348,740,240,546.67,1333.3,1
60,1349,740,240,546.67,1333.3,1
60,1350,740,240,546.67,1333.3,1
60,1351,740,240,546.67,1333.3,1
60,1352,740,240,546.67,1333.3,1
60,1353,740,240,546.67,1333.3,1
60,1354,740,240,546.67,1333.3,1
60,1355,740,240,546.67,1333.3,1
60,1356,740,240,546.67,1333.3,1
60,1357,740,240,546.67,1333.3,1
60,1358,740,240,546.67,1333.3,1
60,1359,740,240,546.67,1333.3,1
60,1360,740,240,546.67,1333.3,1
60,1361,740,240,546.67,1333.3,1
60,1362,740,240,546.67,1333.3,1
60,1363,740,240,546.67,1333.3,1
60,1364,740,240,546.67,1333.3,1
60,1365,740,240,546.67,1333.3,1
60,1366,740,240,546.67,1333.3,1
60,1367,740,240,546.67,1333.3,1
60,1368,740,240,546.67,1333.3,1
60,1369,740,240,546.67,1333.3,1
60,1370,740,240,546.67,1333.3,1
60,1371,740,240,546.67,1333.3,1
60,1372,740,186.67,546.67,1333.3,1
60,1373,740,186.67,546.67,1333.3,1
60,1374,686.67,240,546.67,1333.3,1
60,1375,740,186.67,546.67,1333.3,1
60,1376,686.67,240,546.67,1333.3,1
60,1377,740,186.67,546.67,1333.3,1
60,1378,740,186.67,546.67,1333.3,1
60,1379,740,186.67,546.67,1333.3,1
60,1380,746.67,225,513.78,1253.1,1
60,1381,686.67,240,546.67,1333.3,1
60,1382,740,186.67,546.67,1333.3,1
60,1383,740,186.67,546.67,1333.3,1
60,1384,686.67,240,546.67,1333.3,1
60,1385,686.67,240,546.67,1333.3,1
60,1386,686.67,240,546.67,1333.3,1
60,1387,740,186.67,546.67,1333.3,1
60,1388,740,186.67,546.67,1333.3,1
60,1389,740,186.67,546.67,1333.3,1
60,1390,740,186.67,546.67,1333.3,1
60,1391,740,186.67,546.67,1333.3,1
60,1392,740,186.67,546.67,1333.3,1
60,1393,740,186.67,546.67,1333.3,1
60,1394,740,186.67,546.67,1333.3,1
60,1395,740,186.67,546.67,1333.3,1
60,1396,740,186.67,546.67,1333.3,1
60,1397,740,186.67,546.67,1333.3,1
60,1398,740,186.67,546.67,1333.3,1
60,1399,740,186.67,546.67,1333.3,1
60,1400,740,186.67,546.67,1333.3,1
60,1401,686.67,240,546.67,1333.3,1
60,1402,686.67,240,546.67,1333.3,1
60,1403,740,186.67,546.67,1333.3,1
60,1404,740,186.67,546.67,1333.3,1
60,1405,740,240,546.67,1333.3,1
60,1407,740,186.67,546.67,1333.3,1
60,1408,686.67,240,546.67,1333.3,1
60,1410,740,240,546.67,1333.3,1
60,1412,740,240,546.67,1333.3,1
60,1413,740,240,546.67,1333.3,1
60,1414,740,240,546.67,1333.3,1
60,1415,740,240,546.67,1333.3,1
60,1416,740,240,546.67,1333.3,1
60,1417,740,240,546.67,1333.3,1
60,1418,740,186.67,546.67,1333.3,1
60,1419,740,240,546.67,1333.3,1
60,1420,740,240,546.67,1333.3,1
60,1421,686.67,240,546.67,1333.3,1
60,1422,686.67,240,546.67,1333.3,1
60,1423,686.67,240,546.67,1333.3,1
60,1424,740,240,546.67,1333.3,1
60,1425,740,240,546.67,1333.3,1
60,1426,740,240,546.67,1333.3,1
60,1427,740,240,546.67,1333.3,1
60,1428,740,240,546.67,1333.3,1
60,1429,686.67,240,546.67,1333.3,1
60,1430,686.67,240,546.67,1333.3,1
60,1431,686.67,240,546.67,1333.3,1
60,1432,686.67,240,546.67,1333.3,1
60,1433,686.67,240,546.67,1333.3,1
60,1434,686.67,240,546.67,1333.3,1
60,1435,686.67,240,546.67,1333.3,1
60,1436,740,186.67,546.67,1333.3,1
60,1441,1944.7,254.55,106.6,260,1
60,1442,1906.2,252.31,126.15,307.69,1
60,1443,1898.1,262.18,137.99,336.57,1
60,1444,1910.8,286.24,150.67,367.5,1
60,1444,740,186.67,546.67,1333.3,1
60,1445,1913.5,286.96,178.42,435.16,1
60,1445,1978.9,664.29,48.787,118.99,1
60,1445,740,186.67,546.67,1333.3,1
60,1446,1849.8,301.3,213.21,520.02,1
60,1447,1745.7,342.86,213.21,520.02,1
60,1447,1925.8,537.66,53.234,129.84,0
60,1447,1790,721.31,89.578,218.48,1
60,1447,686.67,240,546.67,1333.3,1
60,1448,1596.4,392.73,298.18,727.27,1
60,1448,740,240,546.67,1333.3,1
60,1449,1379.5,434.78,355.32,866.65,1
60,1449,740,240,546.67,1333.3,1
60,1450,1109.7,512.82,422.19,1029.7,1
60,1450,740,186.67,546.67,1333.3,1
60,1451,861.94,553.85,422.19,1029.7,1
60,1452,895.14,713.04,355.32,866.65,1
60,1452,721.19,590.48,391.17,954.08,0
60,1453,793.33,240,546.67,1333.3,1
60,1454,860.54,713.04,355.32,866.65,1
60,1454,820.65,225.64,422.19,1029.7,0
60,1455,892,784,328,800,1
60,1455,820.65,225.64,422.19,1029.7,0
60,1456,740,240,546.67,1333.3,1
60,1456,636.36,887.27,298.18,727.27,1
60,1457,740,240,546.67,1333.3,1
60,1458,740,240,546.67,1333.3,1
60,1459,740,240,546.67,1333.3,1
60,1460,740,240,546.67,1333.3,1
60,1461,686.67,240,546.67,1333.3,1
60,1462,740,240,546.67,1333.3,1
60,1463,740,240,546.67,1333.3,1
60,1464,740,240,546.67,1333.3,1
60,1465,740,240,546.67,1333.3,1
60,1466,740,240,546.67,1333.3,1
60,1467,686.67,240,546.67,1333.3,1
60,1468,686.67,240,546.67,1333.3,1
60,1469,740,240,546.67,1333.3,1
60,1470,740,240,546.67,1333.3,1
60,1471,740,240,546.67,1333.3,1
60,1472,740,240,546.67,1333.3,1
60,1473,740,240,546.67,1333.3,1
60,1474,740,240,546.67,1333.3,1
60,1475,740,240,546.67,1333.3,1
60,1476,740,240,546.67,1333.3,1
60,1477,740,240,546.67,1333.3,1
60,1478,740,240,546.67,1333.3,1
60,1479,740,240,546.67,1333.3,1
60,1480,740,240,546.67,1333.3,1
60,1481,740,240,546.67,1333.3,1
60,1482,740,240,546.67,1333.3,1
60,1483,686.67,240,546.67,1333.3,1
60,1483,1404,784,328,800,1
60,1484,1605.2,594.87,422.19,1029.7,1
60,1484,740,240,546.67,1333.3,1
60,1485,1646.5,430.77,422.19,1029.7,1
60,1485,740,240,546.67,1333.3,1
60,1486,1660,400,328,800,1
60,1486,740,240,546.67,1333.3,1
60,1487,1739.6,366.1,278.7,679.75,1
60,1487,740,240,546.67,1333.3,1
60,1488,1744.6,356.92,252.31,615.38,1
60,1488,740,240,546.67,1333.3,1
60,1489,1769.2,307.69,252.31,615.38,1
60,1489,740,240,546.67,1333.3,1
60,1490,1869.9,314.29,195.6,477.07,1
60,1490,740,240,546.67,1333.3,1
60,1491,1889,295.24,195.6,477.07,1
60,1491,686.67,240,546.67,1333.3,1
60,1492,1918,296,164,400,1
60,1492,686.67,240,546.67,1333.3,1
60,1493,1925.5,286.24,150.67,367.5,1
60,1493,740,240,546.67,1333.3,1
60,1494,1938.5,289.08,137.99,336.57,1
60,1494,740,240,546.67,1333.3,1
60,1495,1952,275.63,137.99,336.57,1
60,1495,740,240,546.67,1333.3,1
60,1496,1943.1,276.92,126.15,307.69,1
60,1496,740,240,546.67,1333.3,1
60,1497,1906.2,252.31,126.15,307.69,1
60,1497,740,240,546.67,1333.3,1
60,1498,1906.2,252.31,126.15,307.69,1
60,1498,740,240,546.67,1333.3,1
60,1499,1944.7,254.55,106.6,260,1
60,1499,740,240,546.67,1333.3,1
60,1500,2006.8,252.38,97.575,237.99,1
60,1500,740,240,546.67,1333.3,1
60,1501,740,240,546.67,1333.3,1
60,1502,1894.9,266.67,89.578,218.48,1
60,1502,740,240,546.67,1333.3,1
60,1503,1923.9,275.32,106.6,260,1
60,1503,740,240,546.67,1333.3,1
60,1504,1918.5,276.92,126.15,307.69,1
60,1505,1898.1,289.08,137.99,336.57,1
60,1505,793.33,240,546.67,1333.3,1
60,1506,1870,312,164,400,1
60,1506,1109.7,594.87,422.19,1029.7,1
60,1507,1831.6,333.33,195.6,477.07,1
60,1507,1109.7,594.87,422.19,1029.7,1
60,1507,740,240,546.67,1333.3,1
60,1508,1771.2,349.3,230.48,562.15,1
60,1508,1151,594.87,422.19,1029.7,1
60,1508,686.67,240,546.67,1333.3,1
60,1509,1670.8,406.15,252.31,615.38,1
60,1509,1151,594.87,422.19,1029.7,1
60,1509,740,240,546.67,1333.3,1
60,1510,1468,464,328,800,1
60,1510,1151,594.87,422.19,1029.7,1
60,1510,686.67,240,546.67,1333.3,1
60,1511,1151,594.87,422.19,1029.7,1
60,1511,1344.9,504.35,355.32,866.65,0
60,1511,740,240,546.67,1333.3,1
60,1512,1151,553.85,422.19,1029.7,1
60,1512,1344.9,504.35,355.32,866.65,0
60,1512,740,240,546.67,1333.3,1
60,1513,1151,553.85,422.19,1029.7,1
60,1513,1344.9,504.35,355.32,866.65,0
60,1513,740,240,546.67,1333.3,1
60,1514,1151,553.85,422.19,1029.7,1
60,1514,740,240,546.67,1333.3,1
60,1514,1344.9,504.35,355.32,866.65,0
60,1515,1151,553.85,422.19,1029.7,1
60,1515,740,240,546.67,1333.3,1
60,1515,1460.7,600,178.42,435.16,0
60,1516,1151,594.87,422.19,1029.7,1
60,1516,740,240,546.67,1333.3,1
60,1517,1151,553.85,422.19,1029.7,1
60,1517,740,240,546.67,1333.3,1
60,1517,1460.7,617.39,178.42,435.16,0
60,1518,1151,553.85,422.19,1029.7,1
60,1518,740,240,546.67,1333.3,1
60,1518,1460.7,617.39,178.42,435.16,0
60,1519,1151,553.85,422.19,1029.7,1
60,1519,740,240,546.67,1333.3,1
60,1519,1478.1,600,178.42,435.16,0
60,1520,1151,553.85,422.19,1029.7,1
60,1520,740,240,546.67,1333.3,1
60,1520,1460.7,600,178.42,435.16,0
60,1521,1151,553.85,422.19,1029.7,1
60,1521,740,240,546.67,1333.3,1
60,1521,1470,616,164,400,0
60,1522,1151,594.87,422.19,1029.7,1
60,1522,740,240,546.67,1333.3,1
60,1523,1151,553.85,422.19,1029.7,1
60,1523,740,240,546.67,1333.3,1
60,1523,1460.7,600,178.42,435.16,0
60,1524,1151,553.85,422.19,1029.7,1
60,1524,740,240,546.67,1333.3,1
60,1524,1460.7,600,178.42,435.16,0
60,1525,1151,594.87,422.19,1029.7,1
60,1525,740,240,546.67,1333.3,1
60,1526,1151,594.87,422.19,1029.7,1
60,1526,740,240,546.67,1333.3,1
60,1526,1449.6,580.95,195.6,477.07,0
60,1527,1151,553.85,422.19,1029.7,1
60,1527,740,240,546.67,1333.3,1
60,1527,1470,600,164,400,0
60,1528,1151,594.87,422.19,1029.7,1
60,1528,740,240,546.67,1333.3,1
60,1529,1151,594.87,422.19,1029.7,1
60,1529,740,240,546.67,1333.3,1
60,1529,1460.7,600,178.42,435.16,0
60,1530,1151,594.87,422.19,1029.7,1
60,1530,740,240,546.67,1333.3,1
60,1530,1460.7,600,178.42,435.16,0
60,1531,1151,553.85,422.19,1029.7,1
60,1531,740,240,546.67,1333.3,1
60,1531,1460.7,617.39,178.42,435.16,0
60,1532,1151,594.87,422.19,1029.7,1
60,1532,740,240,546.67,1333.3,1
60,1532,1460.7,600,178.42,435.16,0
60,1533,1151,594.87,422.19,1029.7,1
60,1534,1206.5,713.04,355.32,866.65,1
60,1534,740,240,546.67,1333.3,1
60,1535,1151,594.87,422.19,1029.7,1
60,1535,740,240,546.67,1333.3,1
60,1536,1151,594.87,422.19,1029.7,1
60,1536,740,240,546.67,1333.3,1
60,1537,1151,594.87,422.19,1029.7,1
60,1537,740,240,546.67,1333.3,1
60,1538,1151,594.87,422.19,1029.7,1
60,1538,740,240,546.67,1333.3,1
60,1539,1068.4,594.87,422.19,1029.7,1
60,1539,740,240,546.67,1333.3,1
60,1540,1103.3,666.67,391.17,954.08,1
60,1540,1685.7,434.29,468.57,1142.9,1
60,1540,840,829.09,298.18,727.27,1
60,1541,1600,438.1,391.17,954.08,1
60,1541,1103.3,666.67,391.17,954.08,1
60,1541,740,240,546.67,1333.3,1
60,1542,1695.4,356.92,252.31,615.38,1
60,1542,1103.3,666.67,391.17,954.08,1
60,1542,740,240,546.67,1333.3,1
60,1543,1774.3,314.29,195.6,477.07,1
60,1543,1103.3,666.67,391.17,954.08,1
60,1543,869.09,858.18,298.18,727.27,1
60,1544,1103.3,666.67,391.17,954.08,1
60,1544,1822.5,286.24,150.67,367.5,1
60,1544,869.09,858.18,298.18,727.27,1
60,1545,1065.1,628.57,391.17,954.08,1
60,1545,1856.9,276.92,126.15,307.69,1
60,1545,869.09,858.18,298.18,727.27,1
60,1546,1065.1,628.57,391.17,954.08,1
60,1546,869.09,858.18,298.18,727.27,1
60,1546,1890.3,255.32,116.18,283.38,1
60,1547,1065.1,666.67,391.17,954.08,1
60,1547,869.09,858.18,298.18,727.27,0
60,1547,1991,260,82,200,1
60,1548,1068.4,553.85,422.19,1029.7,0
60,1548,740,240,546.67,1333.3,0
60,1548,1305.5,858.18,298.18,727.27,1
60,1549,820.65,553.85,422.19,1029.7,1
60,1549,1116,560,328,800,0
60,1550,740,240,546.67,1333.3,1
60,1550,1160,625.45,298.18,727.27,0
60,1551,740,240,546.67,1333.3,1
60,1552,740,240,546.67,1333.3,1
60,1553,740,240,546.67,1333.3,1
60,1554,696.47,225,513.78,1253.1,1
60,1555,696.47,225,513.78,1253.1,1
60,1556,686.67,186.67,546.67,1333.3,1
60,1557,686.67,186.67,546.67,1333.3,1
60,1558,686.67,240,546.67,1333.3,1
60,1559,686.67,240,546.67,1333.3,1
60,1560,696.47,225,513.78,1253.1,1
60,1561,686.67,186.67,546.67,1333.3,1
60,1562,696.47,225,513.78,1253.1,1
60,1563,696.47,225,513.78,1253.1,1
60,1564,696.47,225,513.78,1253.1,1
60,1565,686.67,240,546.67,1333.3,1
60,1566,686.67,186.67,546.67,1333.3,1
60,1567,686.67,186.67,546.67,1333.3,1
60,1568,686.67,186.67,546.67,1333.3,1
60,1569,686.67,186.67,546.67,1333.3,1
60,1570,686.67,186.67,546.67,1333.3,1
60,1571,686.67,186.67,546.67,1333.3,1
60,1572,686.67,186.67,546.67,1333.3,1
60,1573,686.67,186.67,546.67,1333.3,1
60,1574,686.67,186.67,546.67,1333.3,1
60,1575,686.67,186.67,546.67,1333.3,1
60,1576,686.67,186.67,546.67,1333.3,1
60,1577,686.67,240,546.67,1333.3,1
60,1578,696.47,225,513.78,1253.1,1
60,1579,686.67,186.67,546.67,1333.3,1
60,1580,686.67,186.67,546.67,1333.3,1
60,1581,686.67,186.67,546.67,1333.3,1
60,1582,696.47,225,513.78,1253.1,1
60,1583,696.47,225,513.78,1253.1,1
60,1584,696.47,225,513.78,1253.1,1
60,1585,686.67,186.67,546.67,1333.3,1
60,1586,686.67,186.67,546.67,1333.3,1
60,1587,686.67,186.67,546.67,1333.3,1
60,1588,686.67,186.67,546.67,1333.3,1
60,1589,686.67,186.67,546.67,1333.3,1
60,1590,686.67,186.67,546.67,1333.3,1
60,1591,686.67,186.67,546.67,1333.3,1
60,1592,686.67,186.67,546.67,1333.3,1
60,1593,686.67,186.67,546.67,1333.3,1
60,1594,686.67,186.67,546.67,1333.3,1
60,1595,686.67,186.67,546.67,1333.3,1
60,1596,686.67,186.67,546.67,1333.3,1
60,1597,740,240,546.67,1333.3,1
60,1598,740,240,546.67,1333.3,1
60,1599,746.67,275,513.78,1253.1,1
60,1600,686.67,186.67,546.67,1333.3,1
60,1601,696.47,225,513.78,1253.1,1
60,1602,740,240,546.67,1333.3,1
60,1603,696.47,225,513.78,1253.1,1
60,1604,696.47,225,513.78,1253.1,1
60,1605,740,240,546.67,1333.3,1
60,1606,740,240,546.67,1333.3,1
60,1607,686.67,186.67,546.67,1333.3,1
60,1608,746.67,275,513.78,1253.1,1
60,1609,746.67,275,513.78,1253.1,1
60,1610,746.67,275,513.78,1253.1,1
60,1611,696.47,225,513.78,1253.1,1
60,1612,696.47,225,513.78,1253.1,1
60,1613,740,240,546.67,1333.3,1
60,1614,740,240,546.67,1333.3,1
60,1615,740,240,546.67,1333.3,1
60,1616,696.47,225,513.78,1253.1,1
60,1617,696.47,225,513.78,1253.1,1
60,1618,696.47,225,513.78,1253.1,1
60,1619,696.47,225,513.78,1253.1,1
60,1620,696.47,225,513.78,1253.1,1
60,1621,696.47,225,513.78,1253.1,1
60,1622,696.47,225,513.78,1253.1,1
60,1623,696.47,225,513.78,1253.1,1
60,1624,696.47,225,513.78,1253.1,1
60,1625,696.47,225,513.78,1253.1,1
60,1626,696.47,225,513.78,1253.1,1
60,1627,696.47,225,513.78,1253.1,1
60,1628,696.47,225,513.78,1253.1,1
60,1629,696.47,225,513.78,1253.1,1
60,1630,696.47,225,513.78,1253.1,1
60,1631,740,240,546.67,1333.3,1
60,1632,686.67,186.67,546.67,1333.3,1
60,1633,686.67,186.67,546.67,1333.3,1
60,1634,686.67,186.67,546.67,1333.3,1
60,1635,740,240,546.67,1333.3,1
60,1636,696.47,225,513.78,1253.1,1
60,1637,696.47,225,513.78,1253.1,1
60,1638,686.67,186.67,546.67,1333.3,1
60,1639,696.47,225,513.78,1253.1,1
60,1640,696.47,225,513.78,1253.1,1
60,1641,686.67,186.67,546.67,1333.3,1
60,1642,686.67,186.67,546.67,1333.3,1
60,1643,740,240,546.67,1333.3,1
60,1644,740,240,546.67,1333.3,1
60,1645,740,240,546.67,1333.3,1
60,1646,696.47,225,513.78,1253.1,1
60,1648,1065.1,666.67,391.17,954.08,1
60,1648,740,240,546.67,1333.3,1
60,1649,796.86,275,513.78,1253.1,1
60,1650,686.67,240,546.67,1333.3,1
60,1651,686.67,240,546.67,1333.3,1
60,1652,835.82,552.38,391.17,954.08,1
60,1653,1308,528,328,800,1
60,1653,740,240,546.67,1333.3,1
60,1654,1654.5,450.91,298.18,727.27,1
60,1654,740,186.67,546.67,1333.3,1
60,1655,1720,381.54,252.31,615.38,1
60,1655,686.67,240,546.67,1333.3,1
60,1656,1736.1,333.33,195.6,477.07,1
60,1656,746.67,225,513.78,1253.1,1
60,1657,1790,328,164,400,1
60,1657,740,186.67,546.67,1333.3,1
60,1658,1866.7,300.92,150.67,367.5,1
60,1658,740,240,546.67,1333.3,1
60,1659,1893.8,289.23,126.15,307.69,1
60,1659,740,186.67,546.67,1333.3,1
60,1660,1893.8,264.62,126.15,307.69,1
60,1660,740,240,546.67,1333.3,1
60,1661,1892.7,264.94,106.6,260,0
60,1661,740,240,546.67,1333.3,1
60,1662,1902.2,252.38,97.575,237.99,1
60,1662,740,240,546.67,1333.3,1
60,1663,740,240,546.67,1333.3,1
60,1664,740,240,546.67,1333.3,1
60,1665,740,240,546.67,1333.3,1
60,1666,696.47,225,513.78,1253.1,1
60,1667,740,240,546.67,1333.3,1
60,1668,696.47,225,513.78,1253.1,1
60,1669,686.67,240,546.67,1333.3,1
60,1670,686.67,240,546.67,1333.3,1
60,1671,696.47,225,513.78,1253.1,1
60,1673,1357.4,553.85,422.19,1029.7,1
60,1673,956.36,858.18,298.18,727.27,1
60,1674,1137.1,434.29,468.57,1142.9,1
60,1674,740,240,546.67,1333.3,1
60,1675,1481.3,553.85,422.19,1029.7,1
60,1675,1086.6,942.86,195.6,477.07,0
60,1675,696.47,225,513.78,1253.1,1
60,1676,1676.4,438.1,391.17,954.08,1
60,1676,746.67,225,513.78,1253.1,1
60,1676,1843.1,996.92,252.31,615.38,1
60,1677,1770.9,392.73,298.18,727.27,1
60,1677,740,240,546.67,1333.3,1
60,1678,1818.5,356.92,252.31,615.38,1
60,1678,740,240,546.67,1333.3,1
60,1679,1828.9,322.08,213.21,520.02,1
60,1679,740,240,546.67,1333.3,1
60,1680,1826.4,304.35,178.42,435.16,1
60,1680,746.67,225,513.78,1253.1,1
60,1681,1370.7,514.29,391.17,954.08,1
60,1681,1838,280,164,400,1
60,1681,740,240,546.67,1333.3,1
60,1682,1712.7,392.73,298.18,727.27,1
60,1682,686.67,240,546.67,1333.3,1
60,1682,1897.6,324.32,63.358,154.53,0
60,1683,1766.8,203.39,278.7,679.75,1
60,1683,686.67,186.67,546.67,1333.3,1
60,1684,1881.4,315.6,150.67,367.5,1
60,1684,696.47,225,513.78,1253.1,1
60,1684,1854.3,281.08,63.358,154.53,0
60,1685,1886,232,164,400,1
60,1685,686.67,240,546.67,1333.3,1
60,1686,1906.2,252.31,126.15,307.69,1
60,1686,1982.3,257.92,89.578,218.48,0
60,1686,686.67,186.67,546.67,1333.3,1
60,1687,1903.1,254.55,106.6,260,1
60,1687,686.67,240,546.67,1333.3,1
60,1688,1859.9,249.18,89.578,218.48,1
60,1688,686.67,240,546.67,1333.3,1
60,1689,740,240,546.67,1333.3,1
60,1690,740,240,546.67,1333.3,1
60,1691,740,240,546.67,1333.3,1
60,1692,740,240,546.67,1333.3,1
60,1693,696.47,225,513.78,1253.1,1
60,1694,696.47,225,513.78,1253.1,1
60,1695,686.67,240,546.67,1333.3,1
60,1696,696.47,225,513.78,1253.1,1
60,1697,1975.9,254.55,106.6,260,1
60,1697,696.47,225,513.78,1253.1,1
60,1698,1946.9,266.67,116.18,283.38,1
60,1698,686.67,240,546.67,1333.3,1
60,1699,1925.1,262.18,137.99,336.57,1
60,1699,696.47,225,513.78,1253.1,1
60,1700,1925.1,275.63,137.99,336.57,1
60,1700,696.47,225,513.78,1253.1,1
60,1701,1881.4,286.24,150.67,367.5,1
60,1701,686.67,240,546.67,1333.3,1
60,1702,1843.8,286.96,178.42,435.16,1
60,1702,696.47,225,513.78,1253.1,1
60,1703,1812.5,314.29,195.6,477.07,1
60,1703,686.67,240,546.67,1333.3,1
60,1704,1793.7,326.76,230.48,562.15,1
60,1704,696.47,225,513.78,1253.1,1
60,1705,1685.1,366.1,278.7,679.75,1
60,1705,696.47,225,513.78,1253.1,1
60,1706,1596,432,328,800,1
60,1706,696.47,225,513.78,1253.1,1
60,1707,1409,438.1,391.17,954.08,1
60,1707,696.47,225,513.78,1253.1,1
60,1708,1103.3,514.29,391.17,954.08,0
60,1708,793.33,240,546.67,1333.3,1
60,1709,796.86,225,513.78,1253.1,1
60,1710,746.67,275,513.78,1253.1,1
60,1711,686.67,240,546.67,1333.3,1
60,1712,696.47,225,513.78,1253.1,1
60,1713,740,186.67,546.67,1333.3,1
60,1714,740,186.67,546.67,1333.3,1
60,1715,793.33,240,546.67,1333.3,1
60,1716,696.47,225,513.78,1253.1,1
60,1717,696.47,225,513.78,1253.1,1
60,1718,696.47,225,513.78,1253.1,1
60,1719,740,240,546.67,1333.3,1
60,1720,740,240,546.67,1333.3,1
60,1721,696.47,225,513.78,1253.1,1
60,1722,696.47,225,513.78,1253.1,1
60,1723,696.47,225,513.78,1253.1,1
60,1724,696.47,225,513.78,1253.1,1
