58,1,447.5,630,41,100,1
58,5,443.5,630,41,100,1
58,6,160.92,532.11,75.336,183.75,1
58,9,447.5,630,41,100,1
58,10,443.5,630,41,100,1
58,10,947.5,610,41,100,1
58,11,447.5,630,41,100,1
58,11,339.12,655.32,58.092,141.69,1
58,12,447.5,630,41,100,1
58,13,443.5,630,41,100,1
58,13,339.12,655.32,58.092,141.69,1
58,14,447.5,630,41,100,1
58,15,447.5,630,41,100,1
58,16,160.84,527.73,68.997,168.29,1
58,17,447.5,630,41,100,1
58,18,443.5,630,41,100,1
58,19,447.5,630,41,100,1
58,21,443.5,626,41,100,1
58,22,411.5,574,41,100,1
58,23,443.5,626,41,100,1
58,23,339.12,655.32,58.092,141.69,1
58,26,339.12,655.32,58.092,141.69,1
58,26,161.19,526.19,48.788,118.99,1
58,27,447.5,630,41,100,1
58,27,294.62,421.54,63.077,153.85,1
58,28,339.12,655.32,58.092,141.69,1
58,28,167.58,534.45,68.997,168.29,1
58,29,447.5,630,41,100,1
58,29,339.12,655.32,58.092,141.69,1
58,29,167.5,550,41,100,1
58,32,447.5,630,41,100,1
58,33,153.51,356.52,177.66,433.32,1
58,34,443.5,622,41,100,1
58,34,153.51,356.52,177.66,433.32,1
58,35,144.39,451.95,106.6,260.01,1
58,36,170.81,356.52,177.66,433.32,1
58,36,445.05,618.58,44.789,109.24,1
58,36,407.5,578,41,100,1
58,37,441.93,616.67,48.788,118.99,1
58,38,153.51,356.52,177.66,433.32,1
58,38,437.17,616.67,48.788,118.99,1
58,40,168.28,532.11,75.336,183.75,1
58,41,170.81,356.52,177.66,433.32,1
58,42,440.68,618.58,44.789,109.24,1
58,42,155.79,445.07,115.24,281.08,1
58,43,437.17,616.67,48.788,118.99,1
58,44,133.85,412.31,126.15,307.69,1
58,45,169.55,314.29,195.59,477.04,1
58,46,447.5,634,41,100,1
58,46,133.85,387.69,126.15,307.69,1
58,47,183.33,120,273.33,666.67,1
58,48,429.73,615.6,58.092,141.69,1
58,49,436.42,615.58,53.3,130,1
58,50,169.55,314.29,195.59,477.04,1
58,50,440.68,618.58,44.789,109.24,1
58,51,432.42,616.67,48.788,118.99,1
58,51,150.45,314.29,195.59,477.04,1
58,52,416.84,601.68,68.997,168.29,1
58,52,176.26,516.88,53.3,130,1
58,53,155.79,400,115.24,281.08,1
58,53,424.07,609.93,58.092,141.69,1
58,54,424.07,604.26,58.092,141.69,1
58,54,170.81,356.52,177.66,433.32,1
58,55,170.81,356.52,177.66,433.32,1
58,55,424.07,604.26,58.092,141.69,1
58,56,437.17,616.67,48.788,118.99,1
58,56,170.81,356.52,177.66,433.32,1
58,57,150.45,314.29,195.59,477.04,1
58,57,424.07,604.26,58.092,141.69,1
58,58,423.85,606.15,63.077,153.85,1
58,59,190.34,524.77,75.336,183.75,1
58,59,437.17,616.67,48.788,118.99,1
58,60,131.34,314.29,195.59,477.04,1
58,60,424.07,604.26,58.092,141.69,1
58,61,169.55,314.29,195.59,477.04,1
58,61,424.07,604.26,58.092,141.69,1
58,62,150.45,314.29,195.59,477.04,1
58,63,423.85,606.15,63.077,153.85,1
58,64,432.42,616.67,48.788,118.99,1
58,64,190.34,532.11,75.336,183.75,1
58,65,169.55,314.29,195.59,477.04,1
58,65,424.07,604.26,58.092,141.69,1
58,66,416.84,601.68,68.997,168.29,1
58,66,169.55,333.33,195.59,477.04,1
58,67,183.85,526.15,63.077,153.85,1
58,67,424.07,604.26,58.092,141.69,1
58,68,429.73,609.93,58.092,141.69,1
58,68,170.81,356.52,177.66,433.32,1
58,71,101.24,553.19,58.092,141.69,1
58,73,87,460,82,200,1
58,76,108.85,564.29,48.788,118.99,1
58,76,87.356,444.04,75.336,183.75,1
58,77,172.55,137.5,256.89,626.57,1
58,77,94.694,421.74,89.208,217.58,1
58,78,156.67,93.333,273.33,666.67,1
58,80,379.57,440.68,139.35,339.88,1
58,80,147.45,137.5,256.89,626.57,1
58,80,583.5,698,41,100,1
58,81,613.85,486.15,126.15,307.69,1
58,82,880,356.52,177.66,433.32,1
58,296,1086,392,164,400,1
58,297,1116.4,471.43,97.8,238.54,1
58,299,389.89,621.85,68.997,168.29,1
58,301,927.5,646,41,100,1
58,302,1171.5,698,41,100,1
58,303,916.15,643.08,63.077,153.85,1
58,304,1086.6,314.29,195.59,477.04,1
58,305,1067.5,314.29,195.59,477.04,1
58,306,911.15,660.99,58.092,141.69,1
58,307,963.5,82,41,100,1
58,307,826.12,473.91,89.208,217.58,1
58,308,1087.5,686,41,100,1
58,308,696.36,429.09,149.09,363.64,1
58,309,574,392,164,400,1
58,309,990.44,609.93,58.092,141.69,1
58,309,943.5,610,41,100,1
58,310,453.79,587.98,44.789,109.24,0
58,310,466.92,606.15,63.077,153.85,1
58,310,720,612.84,75.336,183.75,1
58,310,594.2,673.81,48.788,118.99,1
58,310,778.85,539.45,75.336,183.75,1
58,311,583.33,120,273.33,666.67,1
58,311,430.32,521.01,68.997,168.29,1
58,312,425.37,379.22,106.6,260.01,1
58,312,575.5,334,41,100,1
58,312,827.36,497.62,48.788,118.99,1
58,313,710.91,414.55,149.09,363.64,1
58,313,365.96,359.32,139.35,339.88,1
58,314,343.85,581.54,63.077,153.85,1
58,315,146.15,486.15,126.15,307.69,1
58,315,415.61,672.73,53.3,130,1
58,315,559.5,670,41,100,0
58,315,530.08,641.56,53.3,130,1
58,315,133.85,338.46,126.15,307.69,0
58,316,91.5,406,41,100,1
58,316,39,476,82,200,1
58,316,51.877,622.95,44.789,109.24,1
58,316,113.04,692.9,44.789,109.24,1
58,316,430.97,276.92,211.1,514.87,1
58,317,430,575.38,63.077,153.85,1
58,317,34.403,692.9,44.789,109.24,1
58,318,420.43,372.88,139.35,339.88,1
58,318,25.666,688.52,44.789,109.24,1
58,318,751.23,673.81,48.788,118.99,1
58,318,543.5,434,41,100,0
58,319,406.81,372.88,139.35,339.88,1
58,319,25.666,688.52,44.789,109.24,1
58,319,67.027,356.52,177.66,433.32,1
58,320,416.92,387.69,126.15,307.69,1
58,320,119,588,82,200,1
58,321,390.91,356.36,149.09,363.64,1
58,321,736.95,659.52,48.788,118.99,1
58,322,405.45,356.36,149.09,363.64,1
58,322,39.579,628.57,68.997,168.29,1
58,322,158.46,486.15,126.15,307.69,1
58,322,738.21,662.34,53.3,130,1
58,323,279.5,698,41,100,1
58,324,717.4,610.39,53.3,130,1
58,324,398,392,164,400,1
58,324,82.457,688.52,44.789,109.24,1
58,325,703.64,621.43,48.788,118.99,1
58,325,390.91,400,149.09,363.64,1
58,325,163.5,698,41,100,1
58,326,366,392,164,400,1
58,327,286.26,482.61,89.208,217.58,1
58,327,208.77,473.81,48.788,118.99,1
58,327,315.79,628.57,68.997,168.29,1
58,328,83.5,550,41,100,1
58,329,23.197,678.57,48.788,118.99,1
58,440,80.297,683.33,48.788,118.99,1
58,440,110,643.08,63.077,153.85,1
58,441,132.54,547.62,97.8,238.54,1
58,441,284.91,678.57,48.788,118.99,1
58,442,349.47,473.95,68.997,168.29,1
58,443,513.43,314.29,195.59,477.04,1
58,444,638,376,164,400,1
58,444,963.5,50,41,100,1
58,445,678.71,276.92,211.1,514.87,1
58,446,658.06,276.92,211.1,514.87,1
58,446,742.69,314.29,195.59,477.04,0
58,447,554.84,276.92,211.1,514.87,1
58,448,513.55,256.41,211.1,514.87,1
58,448,675.86,532.11,75.336,183.75,0
58,449,477.14,240,234.29,571.43,1
58,450,454.29,240,234.29,571.43,1
58,451,454.29,240,234.29,571.43,1
58,452,513.55,276.92,211.1,514.87,0
58,452,430.97,276.92,211.1,514.87,1
58,453,554.84,297.44,211.1,514.87,1
58,454,575.48,297.44,211.1,514.87,1
58,455,570.75,333.33,195.59,477.04,1
58,455,499.46,356.52,177.66,433.32,0
58,456,551.64,333.33,195.59,477.04,1
58,456,492.73,429.09,149.09,363.64,0
58,457,570.75,333.33,195.59,477.04,1
58,458,570.75,333.33,195.59,477.04,1
58,458,515.38,486.15,126.15,307.69,0
58,458,637.42,276.92,211.1,514.87,0
58,459,575.48,297.44,211.1,514.87,1
58,459,743.88,471.43,97.8,238.54,0
58,459,543,508,82,200,0
58,460,575.48,297.44,211.1,514.87,1
58,460,637.42,235.9,211.1,514.87,0
58,461,554.84,276.92,211.1,514.87,1
58,461,679.15,454.24,139.35,339.88,1
58,461,792.21,592.91,58.092,141.69,0
58,461,775,428,82,200,0
58,462,554.84,276.92,211.1,514.87,1
58,462,672.43,356.52,177.66,433.32,0
58,463,570.75,314.29,195.59,477.04,1
58,463,694.74,523.94,115.24,281.08,1
58,464,558,408,164,400,1
58,464,689.73,373.91,177.66,433.32,1
58,465,589.23,486.15,126.15,307.69,1
58,465,774.47,454.24,139.35,339.88,1
58,465,654,392,164,400,0
58,466,705.96,512.68,115.24,281.08,1
58,466,583.83,467.8,139.35,339.88,1
58,466,894.31,667.53,53.3,130,1
58,632,291.89,356.52,177.66,433.32,0
58,632,207.76,314.29,195.59,477.04,1
58,633,494.33,314.29,195.59,477.04,1
58,634,549.02,137.5,256.89,626.57,1
58,635,663.33,146.67,273.33,666.67,1
58,636,728.57,217.14,234.29,571.43,1
58,636,660,148.57,234.29,571.43,0
58,637,899.51,444.16,53.3,130,0
58,637,674.51,137.5,256.89,626.57,1
58,638,728.57,102.86,234.29,571.43,1
58,639,889.22,364.29,48.788,118.99,0
58,639,741.62,95.652,177.66,433.32,1
58,639,911.5,378,41,100,0
58,640,742.69,85.714,195.59,477.04,1
58,641,761.79,66.667,195.59,477.04,1
58,642,814,120,164,400,1
58,643,927.5,274,41,100,1
58,643,841.26,191.6,68.997,168.29,1
58,644,827.27,109.09,149.09,363.64,1
58,644,786.15,55.385,126.15,307.69,0
58,645,812.73,94.545,149.09,363.64,1
58,646,734,24,164,400,1
58,647,702,24,164,400,1
58,647,947.44,605.46,44.789,109.24,1
58,647,846.96,142.08,44.789,109.24,0
58,648,679.15,74.576,139.35,339.88,1
58,649,594.55,50.909,149.09,363.64,1
58,650,526,40,164,400,1
58,650,666.11,252.1,68.997,168.29,0
58,651,494,56,164,400,1
58,652,463.64,80,149.09,363.64,1
58,653,430,88,164,400,1
58,654,378.38,95.652,177.66,433.32,1
58,655,350,88,164,400,1
58,656,348.39,92.308,211.1,514.87,1
58,657,360.6,104.76,195.59,477.04,1
58,658,348.39,112.82,211.1,514.87,1
58,659,362.86,102.86,234.29,571.43,1
58,659,327,308,82,200,0
58,660,431.43,125.71,234.29,571.43,1
58,660,399.46,334.78,89.208,217.58,0
58,661,473.73,137.5,256.89,626.57,1
58,661,429.23,215.38,126.15,307.69,0
58,662,498.82,137.5,256.89,626.57,1
58,663,523.92,187.5,256.89,626.57,1
58,663,447.66,277.97,139.35,339.88,0
58,664,549.02,187.5,256.89,626.57,1
58,664,490.77,350.77,126.15,307.69,0
58,665,682.31,243.08,63.077,153.85,1
58,665,494,280,164,400,1
58,666,412.97,356.52,177.66,433.32,1
58,666,608.44,247.83,89.208,217.58,1
58,667,420,429.09,149.09,363.64,1
58,668,670.57,459.74,53.3,130,1
58,668,466.15,473.85,126.15,307.69,1
58,668,715.5,490,41,100,1
58,669,601.54,338.46,126.15,307.69,1
58,670,389.59,553.25,53.3,130,1
58,670,612.21,447.06,68.997,168.29,1
58,671,506.67,385.32,75.336,183.75,1
58,671,619.5,498,41,100,1
58,671,389.89,514.29,68.997,168.29,1
58,672,571.94,395.24,97.8,238.54,1
58,672,406.81,400,139.35,339.88,1
58,673,430,376,164,400,1
58,673,527.69,363.08,126.15,307.69,0
58,674,414,360,164,400,1
58,674,529.43,358.44,106.6,260.01,0
58,675,399,604,82,200,1
58,675,457.31,376.19,97.8,238.54,1
58,675,694.13,678.57,48.788,118.99,1
58,676,391.5,482,41,100,1
58,677,261.57,574.86,44.789,109.24,1
58,694,243.5,558,41,100,1
58,695,208.46,433.85,63.077,153.85,1
58,698,510.58,579.23,44.789,109.24,1
58,699,545.71,194.29,234.29,571.43,1
58,699,724.32,356.52,177.66,433.32,1
58,700,756.15,587.69,63.077,153.85,0
58,700,575.48,276.92,211.1,514.87,1
58,700,785.04,605.19,53.3,130,0
58,701,762.31,538.46,63.077,153.85,0
58,701,568.57,194.29,234.29,571.43,1
58,702,746.9,479.43,58.092,141.69,0
58,702,545.71,148.57,234.29,571.43,1
58,703,498.82,112.5,256.89,626.57,0
58,703,574.12,187.5,256.89,626.57,1
58,704,477.14,148.57,234.29,571.43,1
58,704,455.5,506,41,100,0
58,705,396.67,120,273.33,666.67,1
58,706,370,120,273.33,666.67,1
58,707,373.33,162.5,256.89,626.57,1
58,707,307.1,112.82,211.1,514.87,0
58,708,398.43,137.5,256.89,626.57,1
58,709,398.43,162.5,256.89,626.57,1
58,710,373.33,137.5,256.89,626.57,1
58,710,947.5,610,41,100,1
58,711,370,120,273.33,666.67,1
58,712,398.43,137.5,256.89,626.57,1
58,713,370,120,273.33,666.67,1
58,714,398.43,137.5,256.89,626.57,1
58,715,398.43,137.5,256.89,626.57,1
58,716,398.43,137.5,256.89,626.57,1
58,717,373.33,137.5,256.89,626.57,1
58,718,370,120,273.33,666.67,1
58,719,370,120,273.33,666.67,1
58,720,398.43,162.5,256.89,626.57,1
58,721,396.67,120,273.33,666.67,1
58,722,408.57,171.43,234.29,571.43,1
58,722,343.78,200,177.66,433.32,0
58,723,408.57,171.43,234.29,571.43,1
58,724,398.43,162.5,256.89,626.57,1
58,725,398.43,162.5,256.89,626.57,1
58,726,398.43,162.5,256.89,626.57,1
58,727,398.43,162.5,256.89,626.57,1
58,728,398.43,162.5,256.89,626.57,1
58,729,398.43,162.5,256.89,626.57,1
58,730,398.43,162.5,256.89,626.57,1
58,731,398.43,162.5,256.89,626.57,1
58,732,396.67,120,273.33,666.67,1
58,733,398.43,162.5,256.89,626.57,1
58,734,398.43,162.5,256.89,626.57,1
58,735,396.67,120,273.33,666.67,1
58,735,361.79,366.67,97.8,238.54,0
58,736,398.43,137.5,256.89,626.57,1
58,737,408.57,148.57,234.29,571.43,1
58,737,361.79,357.14,97.8,238.54,0
58,738,408.57,148.57,234.29,571.43,1
58,738,367,396,82,200,0
58,739,396.67,120,273.33,666.67,1
58,739,361.79,366.67,97.8,238.54,0
58,740,398.43,137.5,256.89,626.57,1
58,740,361.79,357.14,97.8,238.54,0
58,741,398.43,137.5,256.89,626.57,1
58,742,398.43,137.5,256.89,626.57,1
58,743,396.67,120,273.33,666.67,1
58,744,398.43,137.5,256.89,626.57,1
58,745,370,120,273.33,666.67,1
58,746,370,120,273.33,666.67,1
58,747,370,120,273.33,666.67,1
58,748,398.43,137.5,256.89,626.57,1
58,749,398.43,137.5,256.89,626.57,1
58,749,361.79,357.14,97.8,238.54,0
58,750,398.43,137.5,256.89,626.57,1
58,751,398.43,137.5,256.89,626.57,1
58,751,947.5,610,41,100,1
58,752,398.43,137.5,256.89,626.57,1
58,752,361.79,357.14,97.8,238.54,0
58,753,398.43,137.5,256.89,626.57,1
58,753,361.79,357.14,97.8,238.54,0
58,754,398.43,137.5,256.89,626.57,1
58,754,357.89,309.86,115.24,281.08,0
58,755,398.43,137.5,256.89,626.57,1
58,756,370,120,273.33,666.67,1
58,757,373.33,137.5,256.89,626.57,1
58,758,370,120,273.33,666.67,1
58,759,370,120,273.33,666.67,1
58,760,370,120,273.33,666.67,1
58,761,370,120,273.33,666.67,1
58,762,398.43,137.5,256.89,626.57,1
58,762,361.79,366.67,97.8,238.54,0
58,763,398.43,137.5,256.89,626.57,1
58,763,357.89,321.13,115.24,281.08,0
58,764,396.67,120,273.33,666.67,1
58,765,398.43,137.5,256.89,626.57,1
58,766,396.67,120,273.33,666.67,1
58,767,423.53,137.5,256.89,626.57,1
58,767,371.34,357.14,97.8,238.54,0
58,768,396.67,120,273.33,666.67,1
58,769,396.67,120,273.33,666.67,1
58,770,398.43,137.5,256.89,626.57,1
58,771,398.43,137.5,256.89,626.57,1
58,772,396.67,120,273.33,666.67,1
58,773,398.43,137.5,256.89,626.57,1
58,774,398.43,137.5,256.89,626.57,1
58,775,398.43,137.5,256.89,626.57,1
58,776,398.43,162.5,256.89,626.57,1
58,777,398.43,137.5,256.89,626.57,1
58,778,398.43,162.5,256.89,626.57,1
58,779,396.67,120,273.33,666.67,1
58,780,396.67,120,273.33,666.67,1
58,781,396.67,120,273.33,666.67,1
58,782,398.43,162.5,256.89,626.57,1
58,783,398.43,162.5,256.89,626.57,1
58,784,398.43,162.5,256.89,626.57,1
58,785,398.43,162.5,256.89,626.57,1
58,786,398.43,162.5,256.89,626.57,1
58,787,398.43,162.5,256.89,626.57,1
58,788,398.43,162.5,256.89,626.57,1
58,789,396.67,120,273.33,666.67,1
58,790,396.67,120,273.33,666.67,1
58,791,398.43,137.5,256.89,626.57,1
58,792,398.43,137.5,256.89,626.57,1
58,793,398.43,162.5,256.89,626.57,1
58,794,398.43,137.5,256.89,626.57,1
58,795,398.43,137.5,256.89,626.57,1
58,795,357.89,321.13,115.24,281.08,0
58,796,398.43,137.5,256.89,626.57,1
58,796,361.79,366.67,97.8,238.54,0
58,797,398.43,137.5,256.89,626.57,1
58,798,370,120,273.33,666.67,1
58,799,396.67,120,273.33,666.67,1
58,800,398.43,137.5,256.89,626.57,1
58,800,357.89,321.13,115.24,281.08,0
58,801,398.43,137.5,256.89,626.57,1
58,802,398.43,137.5,256.89,626.57,1
58,803,396.67,120,273.33,666.67,1
58,803,367,404,82,200,0
58,804,398.43,137.5,256.89,626.57,1
58,805,398.43,137.5,256.89,626.57,1
58,805,361.79,366.67,97.8,238.54,0
58,806,396.67,120,273.33,666.67,1
58,806,367,404,82,200,0
58,807,396.67,120,273.33,666.67,1
58,807,364.63,386.96,89.208,217.58,0
58,808,398.43,137.5,256.89,626.57,1
58,809,398.43,137.5,256.89,626.57,1
58,810,398.43,137.5,256.89,626.57,1
58,811,398.43,137.5,256.89,626.57,1
58,812,398.43,137.5,256.89,626.57,1
58,813,398.43,137.5,256.89,626.57,1
58,814,398.43,137.5,256.89,626.57,1
58,815,398.43,137.5,256.89,626.57,1
58,816,398.43,137.5,256.89,626.57,1
58,817,398.43,137.5,256.89,626.57,1
58,818,398.43,162.5,256.89,626.57,1
58,818,357.89,332.39,115.24,281.08,0
58,819,398.43,137.5,256.89,626.57,1
58,820,373.33,162.5,256.89,626.57,1
58,820,307.1,112.82,211.1,514.87,0
58,821,362.86,171.43,234.29,571.43,0
58,821,321.3,379.22,106.6,260.01,0
58,821,448.63,162.5,256.89,626.57,1
58,822,398.43,162.5,256.89,626.57,1
58,822,359,452,82,200,0
58,823,448.63,162.5,256.89,626.57,1
58,823,391.58,377.46,115.24,281.08,0
58,824,473.73,162.5,256.89,626.57,1
58,824,393.19,332.2,139.35,339.88,0
58,825,448.63,162.5,256.89,626.57,1
58,825,396.32,502.75,75.336,183.75,0
58,826,448.63,162.5,256.89,626.57,1
58,826,423.85,544.62,63.077,153.85,0
58,827,448.63,162.5,256.89,626.57,1
58,827,391.58,422.54,115.24,281.08,0
58,828,448.63,187.5,256.89,626.57,1
58,828,390.45,452.38,97.8,238.54,0
58,829,448.63,187.5,256.89,626.57,1
58,829,400,461.9,97.8,238.54,0
58,830,448.63,187.5,256.89,626.57,1
58,830,417.69,556.92,63.077,153.85,0
58,831,448.63,162.5,256.89,626.57,1
58,831,392.31,387.69,126.15,307.69,0
58,832,448.63,187.5,256.89,626.57,1
58,832,410.11,534.45,68.997,168.29,0
58,833,448.63,187.5,256.89,626.57,1
58,833,423.58,527.73,68.997,168.29,0
58,833,947.5,610,41,100,1
58,834,448.63,162.5,256.89,626.57,1
58,834,411.54,550.77,63.077,153.85,0
58,835,431.43,194.29,234.29,571.43,1
58,835,576.92,486.15,126.15,307.69,1
58,835,399.46,473.91,89.208,217.58,0
58,836,454.29,217.14,234.29,571.43,1
58,836,407,500,82,200,0
58,837,454.29,217.14,234.29,571.43,1
58,837,390.45,461.9,97.8,238.54,0
58,838,448.63,187.5,256.89,626.57,1
58,838,394.15,441.56,106.6,260.01,0
58,839,448.63,187.5,256.89,626.57,1
58,839,391.58,411.27,115.24,281.08,0
58,840,448.63,162.5,256.89,626.57,1
58,840,379.7,295.24,195.59,477.04,0
58,841,448.63,187.5,256.89,626.57,1
58,841,392.31,400,126.15,307.69,0
58,842,448.63,162.5,256.89,626.57,1
58,842,399.46,482.61,89.208,217.58,0
58,842,947.44,605.46,44.789,109.24,1
58,843,448.63,162.5,256.89,626.57,1
58,843,380,387.69,126.15,307.69,0
58,844,448.63,162.5,256.89,626.57,1
58,844,392.31,387.69,126.15,307.69,0
58,845,448.63,162.5,256.89,626.57,1
58,845,407,500,82,200,0
58,846,454.29,194.29,234.29,571.43,1
58,846,430,538.46,63.077,153.85,0
58,847,448.63,162.5,256.89,626.57,1
58,847,383.74,431.17,106.6,260.01,0
58,848,448.63,162.5,256.89,626.57,1
58,848,367.69,387.69,126.15,307.69,0
58,849,448.63,162.5,256.89,626.57,1
58,849,399,492,82,200,0
58,850,448.63,162.5,256.89,626.57,1
58,850,408.16,465.22,89.208,217.58,0
58,851,423.53,187.5,256.89,626.57,1
58,852,448.63,162.5,256.89,626.57,1
58,852,380.35,400,115.24,281.08,0
58,853,423.53,187.5,256.89,626.57,1
58,853,390.75,482.61,89.208,217.58,0
58,854,423.53,187.5,256.89,626.57,1
58,854,367.69,387.69,126.15,307.69,0
58,855,423.53,162.5,256.89,626.57,1
58,855,367.69,387.69,126.15,307.69,0
58,856,448.63,162.5,256.89,626.57,1
58,856,376.36,327.27,149.09,363.64,0
58,857,431.43,194.29,234.29,571.43,0
58,857,380.35,411.27,115.24,281.08,0
58,857,570.21,454.24,139.35,339.88,1
58,858,478,392,164,400,0
58,858,391.58,400,115.24,281.08,1
58,858,501.84,316.94,44.789,109.24,0
58,858,582.46,512.68,115.24,281.08,1
58,859,478,392,164,400,0
58,859,499.5,322,41,100,1
58,859,380.35,400,115.24,281.08,0
58,859,582.46,512.68,115.24,281.08,1
58,859,565.66,224.11,58.092,141.69,1
58,859,447,484,82,200,0
58,860,448.63,162.5,256.89,626.57,1
58,860,380.35,400,115.24,281.08,0
58,861,448.63,162.5,256.89,626.57,1
58,861,399,500,82,200,0
58,862,448.63,162.5,256.89,626.57,1
58,862,367.69,387.69,126.15,307.69,0
58,863,448.63,162.5,256.89,626.57,1
58,863,423.58,521.01,68.997,168.29,0
58,864,454.29,194.29,234.29,571.43,1
58,864,408.16,482.61,89.208,217.58,0
58,865,478,392,164,400,1
58,865,367.69,387.69,126.15,307.69,1
58,865,501.84,321.31,44.789,109.24,0
58,866,448.63,162.5,256.89,626.57,1
58,866,383.74,431.17,106.6,260.01,0
58,867,478,392,164,400,0
58,867,576.92,486.15,126.15,307.69,1
58,867,416.84,527.73,68.997,168.29,1
58,867,503.5,322,41,100,1
58,868,448.63,162.5,256.89,626.57,1
58,868,399.46,482.61,89.208,217.58,0
58,869,454.29,194.29,234.29,571.43,1
58,869,399.46,473.91,89.208,217.58,0
58,870,448.63,162.5,256.89,626.57,1
58,870,399.46,473.91,89.208,217.58,0
58,871,498.82,187.5,256.89,626.57,1
58,871,429.23,375.38,126.15,307.69,0
58,872,551.58,574.79,68.997,168.29,1
58,872,495.24,500,89.208,217.58,1
58,873,848.96,242.86,97.8,238.54,1
58,873,743.85,409.23,63.077,153.85,1
58,919,427.58,688.52,44.789,109.24,1
58,920,207.89,456.52,89.208,217.58,1
58,921,303.5,478,41,100,1
58,922,626.92,649.23,63.077,153.85,1
58,923,695,548,82,200,1
58,924,555.5,698,41,100,1
58,925,703,556,82,200,1
58,926,571.79,628.57,68.997,168.29,0
58,926,719,556,82,200,1
58,926,538.11,628.57,68.997,168.29,1
58,927,719,556,82,200,1
58,928,680.96,688.52,44.789,109.24,1
58,928,551.38,673.81,48.788,118.99,1
58,929,437.01,314.29,195.59,477.04,1
58,929,720,554.13,75.336,183.75,1
58,930,434.55,429.09,149.09,363.64,1
58,930,711,556,82,200,1
58,931,430.27,356.52,177.66,433.32,1
58,932,410.32,276.92,211.1,514.87,1
58,933,554.27,692.9,44.789,109.24,1
58,934,398.81,333.33,195.59,477.04,1
58,934,663.5,698,41,100,1
58,935,385.71,240,234.29,571.43,1
58,936,385.71,240,234.29,571.43,1
58,937,172.55,137.5,256.89,626.57,1
58,937,524.63,621.85,68.997,168.29,1
58,937,620.77,649.23,63.077,153.85,1
58,937,123.5,514,41,100,1
58,938,497.68,635.29,68.997,168.29,1
58,938,220,326.15,126.15,307.69,1
58,938,563.5,698,41,100,1
58,939,222.75,187.5,256.89,626.57,1
58,940,316.67,120,273.33,666.67,1
58,940,279.04,688.52,44.789,109.24,1
58,941,430,120,164,400,1
58,942,430.27,113.04,177.66,433.32,1
58,943,410.32,112.82,211.1,514.87,1
58,943,137.4,511.9,48.788,118.99,1
58,944,417.91,123.81,195.59,477.04,1
58,945,417.91,123.81,195.59,477.04,1
58,945,123.5,546,41,100,1
58,946,389.68,112.82,211.1,514.87,1
58,946,115.5,554,41,100,1
58,947,362.95,191.6,68.997,168.29,1
58,947,107.5,562,41,100,1
58,947,423,172,82,200,1
58,947,470.74,198.32,68.997,168.29,0
58,948,322.53,198.32,68.997,168.29,0
58,948,103.5,558,41,100,0
58,948,366,200,164,400,1
58,948,83.5,562,41,100,1
58,949,306.92,218.46,63.077,153.85,1
58,949,352.34,210.17,139.35,339.88,1
58,950,304.48,223.81,97.8,238.54,1
58,950,263.85,261.54,63.077,153.85,0
58,951,161.19,292.86,48.788,118.99,1
58,951,325.38,323.08,63.077,153.85,1
58,952,108.62,319.48,53.3,130,1
58,953,187.3,544.26,44.789,109.24,1
58,954,-2.8571,217.14,234.29,571.43,1
58,959,-2,392,164,400,1
58,963,15.135,356.52,177.66,433.32,1
58,965,264.72,672.73,53.3,130,1
58,966,29.919,368.83,106.6,260.01,1
58,967,19.512,358.44,106.6,260.01,1
58,968,19.512,358.44,106.6,260.01,1
58,969,19.512,358.44,106.6,260.01,1
58,970,29.919,368.83,106.6,260.01,1
58,971,9.1057,368.83,106.6,260.01,1
58,972,19.512,358.44,106.6,260.01,0
58,972,56.364,429.09,149.09,363.64,1
58,973,27.463,385.71,97.8,238.54,1
58,974,49.73,356.52,177.66,433.32,1
58,974,-0.70796,394.33,58.092,141.69,1
58,975,59.864,360.87,89.208,217.58,1
58,975,4.5528,381.82,53.3,130,1
58,975,119.02,423.38,53.3,130,0
58,976,49.73,356.52,177.66,433.32,1
58,976,-0.65041,366.23,53.3,130,1
58,977,40.976,345.45,53.3,130,1
58,977,94.694,317.39,89.208,217.58,1
58,978,59.355,256.41,211.1,514.87,1
58,979,38.71,256.41,211.1,514.87,1
58,980,32.842,326.05,68.997,168.29,1
58,980,102.76,285.71,106.6,260.01,1
58,981,18.065,256.41,211.1,514.87,1
58,982,92.358,285.71,106.6,260.01,1
58,982,32.842,332.77,68.997,168.29,1
58,983,38.71,256.41,211.1,514.87,1
58,984,59.355,276.92,211.1,514.87,1
58,984,36.154,329.23,63.077,153.85,0
58,985,30,335.38,63.077,153.85,1
58,985,94.328,300,97.8,238.54,1
58,986,28.506,333.94,75.336,183.75,1
58,986,94.328,309.52,97.8,238.54,1
58,986,181.46,464.94,53.3,130,1
58,987,43.218,341.28,75.336,183.75,0
58,987,71,348,82,200,1
58,988,59.355,235.9,211.1,514.87,1
58,989,191,284,82,200,1
58,989,127,300,82,200,1
58,989,179.5,502,41,100,1
58,990,103.88,271.43,97.8,238.54,1
58,990,181.77,273.91,89.208,217.58,1
58,990,85.056,340.48,48.788,118.99,0
58,991,103.4,273.91,89.208,217.58,1
58,991,183.5,498,41,100,1
58,992,183.5,498,41,100,1
58,992,94.328,271.43,97.8,238.54,1
58,993,81.951,275.32,106.6,260.01,1
58,994,102.07,297.25,75.336,183.75,1
58,995,95,276,82,200,1
58,995,182.94,491.8,44.789,109.24,1
58,996,179.5,502,41,100,1
58,996,95,276,82,200,1
58,997,66.992,324.68,53.3,130,0
58,997,100.21,299.16,68.997,168.29,1
58,997,183.5,506,41,100,1
58,998,78.584,309.22,58.092,141.69,1
58,998,179.5,502,41,100,1
58,999,42.308,323.08,63.077,153.85,0
58,999,66.526,319.33,68.997,168.29,1
58,1000,27.611,337.59,58.092,141.69,1
58,1000,78,312,164,400,1
58,1001,59.355,276.92,211.1,514.87,1
58,1001,42.23,350,48.788,118.99,0
58,1002,61.789,345.45,53.3,130,1
58,1002,101.62,339.13,177.66,433.32,1
58,1003,71.545,306.49,106.6,260.01,1
58,1003,4.5528,361.04,53.3,130,1
58,1003,175.5,506,41,100,1
58,1003,30.034,688.52,44.789,109.24,1
58,1004,-2.5806,276.92,211.1,514.87,1
58,1005,-2.8571,240,234.29,571.43,1
58,1006,40.325,535.06,106.6,260.01,1
58,1007,16.283,348.94,58.092,141.69,1
58,1007,147.45,137.5,256.89,626.57,1
58,1008,17.692,341.54,63.077,153.85,0
58,1008,265.81,276.92,211.1,514.87,1
58,1008,54.925,314.29,195.59,477.04,1
58,1009,23.846,335.38,63.077,153.85,0
58,1009,385.71,240,234.29,571.43,1
58,1009,46.316,332.77,68.997,168.29,1
58,1009,147.45,187.5,256.89,626.57,1
58,1009,94.713,612.84,75.336,183.75,1
58,1010,21.947,348.94,58.092,141.69,0
58,1010,92.358,285.71,106.6,260.01,1
58,1010,558,392,164,400,1
58,1010,42.308,341.54,63.077,153.85,0
58,1011,591.43,194.29,234.29,571.43,1
58,1011,92.358,296.1,106.6,260.01,1
58,1011,14.959,355.84,53.3,130,0
58,1011,363.58,667.53,53.3,130,1
58,1011,35.862,326.61,75.336,183.75,0
58,1012,649.41,162.5,256.89,626.57,1
58,1012,27.463,328.57,97.8,238.54,1
58,1012,92.358,296.1,106.6,260.01,1
58,1012,407.08,649.65,58.092,141.69,1
58,1013,614.29,171.43,234.29,571.43,1
58,1013,17.692,353.85,63.077,153.85,0
58,1013,49.73,339.13,177.66,433.32,1
58,1013,543.5,546,41,100,1
58,1013,527.5,602,41,100,1
58,1014,19.368,352.94,68.997,168.29,1
58,1014,545.71,171.43,234.29,571.43,0
58,1014,81.951,296.1,106.6,260.01,1
58,1014,430,392,164,400,1
58,1014,637.42,276.92,211.1,514.87,1
58,1015,529.36,183.05,139.35,339.88,0
58,1015,-0.76923,353.85,63.077,153.85,1
58,1015,575.48,194.87,211.1,514.87,1
58,1015,49.73,339.13,177.66,433.32,1
58,1016,523.92,137.5,256.89,626.57,1
58,1016,5.8947,346.22,68.997,168.29,0
58,1016,49.73,339.13,177.66,433.32,1
58,1017,549.02,137.5,256.89,626.57,1
58,1017,389.68,276.92,211.1,514.87,1
58,1017,5.8947,352.94,68.997,168.29,1
58,1017,75.224,328.57,97.8,238.54,1
58,1018,568.57,148.57,234.29,571.43,1
58,1018,550.24,545.45,106.6,260.01,1
58,1018,303.28,314.29,195.59,477.04,1
58,1018,5.8947,352.94,68.997,168.29,1
58,1018,646.44,612.84,75.336,183.75,0
58,1018,84.776,319.05,97.8,238.54,1
58,1018,232.31,449.23,126.15,307.69,0
58,1018,477.4,535.06,106.6,260.01,0
58,1019,549.02,137.5,256.89,626.57,1
58,1019,284.18,314.29,195.59,477.04,1
58,1019,519.02,535.06,106.6,260.01,1
58,1019,-0.84211,346.22,68.997,168.29,1
58,1019,61.138,306.49,106.6,260.01,0
58,1019,130,120,273.33,666.67,0
58,1020,549.02,137.5,256.89,626.57,1
58,1020,303.28,314.29,195.59,477.04,0
58,1020,156.67,120,273.33,666.67,0
58,1020,495.52,557.14,97.8,238.54,1
58,1020,25.034,352.17,89.208,217.58,1
58,1021,549.02,137.5,256.89,626.57,1
58,1021,303.28,314.29,195.59,477.04,0
58,1021,515.09,512.68,115.24,281.08,0
58,1021,27.463,366.67,97.8,238.54,1
58,1021,470.18,512.68,115.24,281.08,1
58,1021,156.67,120,273.33,666.67,0
58,1022,549.02,137.5,256.89,626.57,1
58,1022,303.28,314.29,195.59,477.04,1
58,1022,535.5,702,41,100,1
58,1022,133.89,500.84,68.997,168.29,1
58,1023,523.92,137.5,256.89,626.57,1
58,1023,284.18,314.29,195.59,477.04,1
58,1023,446.18,535.06,106.6,260.01,1
58,1024,596.13,194.87,211.1,514.87,0
58,1024,303.28,314.29,195.59,477.04,1
58,1024,481.4,512.68,115.24,281.08,1
58,1024,581.49,557.14,97.8,238.54,1
58,1024,560,174.65,115.24,281.08,0
58,1024,680.96,649.18,44.789,109.24,1
58,1025,596.13,194.87,211.1,514.87,1
58,1025,284.18,295.24,195.59,477.04,1
58,1025,554.27,688.52,44.789,109.24,1
58,1025,571.54,636.92,63.077,153.85,0
58,1025,244.62,486.15,126.15,307.69,1
58,1025,947.5,610,41,100,1
58,1025,583,556,82,200,0
58,1025,680.96,649.18,44.789,109.24,1
58,1026,542.98,142.37,139.35,339.88,1
58,1026,303.28,314.29,195.59,477.04,1
58,1026,661.15,348.62,75.336,183.75,1
58,1026,470.18,512.68,115.24,281.08,0
58,1026,571.33,655.32,58.092,141.69,1
58,1026,625.68,359.66,68.997,168.29,0
58,1027,515.38,153.85,126.15,307.69,1
58,1027,567.37,688.52,44.789,109.24,1
58,1027,303.28,295.24,195.59,477.04,0
58,1027,585.26,628.57,68.997,168.29,1
58,1027,491.95,612.84,75.336,183.75,1
58,1027,462.44,667.53,53.3,130,1
58,1027,646.01,557.38,44.789,109.24,1
58,1027,130,120,273.33,666.67,1
58,1028,322.39,295.24,195.59,477.04,1
58,1028,527.69,215.38,126.15,307.69,1
58,1028,575.17,678.57,48.788,118.99,1
58,1028,522.31,643.08,63.077,153.85,1
58,1029,405.45,167.27,149.09,363.64,0
58,1029,576.11,688.52,44.789,109.24,0
58,1029,512.65,265.22,89.208,217.58,0
58,1029,559.5,702,41,100,1
58,1029,156.67,120,273.33,666.67,1
58,1030,298.04,162.5,256.89,626.57,1
58,1030,180,217.14,234.29,571.43,0
58,1031,542.98,467.8,139.35,339.88,1
58,1031,463,228,82,200,1
58,1031,357.89,174.65,115.24,281.08,1
58,1032,521.82,443.64,149.09,363.64,1
58,1032,323.14,162.5,256.89,626.57,1
58,1033,365.96,169.49,139.35,339.88,0
58,1033,542,392,164,400,1
58,1033,410.32,276.92,211.1,514.87,0
58,1034,348.24,162.5,256.89,626.57,1
58,1034,597.45,467.8,139.35,339.88,1
58,1034,3.5,406,41,100,1
58,1035,348.24,162.5,256.89,626.57,1
58,1035,527.69,486.15,126.15,307.69,1
58,1036,379.57,183.05,139.35,339.88,0
58,1036,515.38,498.46,126.15,307.69,1
58,1036,486.53,239.13,89.208,217.58,0
58,1036,286.45,276.92,211.1,514.87,1
58,1037,376.36,181.82,149.09,363.64,1
58,1037,515.38,486.15,126.15,307.69,1
58,1037,486.53,247.83,89.208,217.58,0
58,1038,365.96,183.05,139.35,339.88,1
58,1038,548.77,512.68,115.24,281.08,1
58,1038,503.95,273.91,89.208,217.58,1
58,1038,492.04,377.3,58.092,141.69,0
58,1038,497.68,628.57,68.997,168.29,1
58,1039,587.32,667.53,53.3,130,1
58,1039,376.36,167.27,149.09,363.64,1
58,1039,504.42,628.57,68.997,168.29,1
58,1039,552.84,500,97.8,238.54,1
58,1039,327.5,382,41,100,1
58,1040,376.36,167.27,149.09,363.64,1
58,1040,582.11,667.53,53.3,130,1
58,1040,497.68,628.57,68.997,168.29,1
58,1040,507.5,350,41,100,0
58,1040,130,120,273.33,666.67,1
58,1041,379.57,183.05,139.35,339.88,1
58,1041,582.11,667.53,53.3,130,0
58,1041,498.21,535.06,106.6,260.01,1
58,1041,615.5,702,41,100,1
58,1042,582.11,667.53,53.3,130,1
58,1042,376.36,167.27,149.09,363.64,1
58,1042,498.21,535.06,106.6,260.01,0
58,1042,323.5,386,41,100,1
58,1042,552.84,500,97.8,238.54,0
58,1042,494.28,392.86,48.788,118.99,0
58,1043,582.11,667.53,53.3,130,1
58,1043,376.36,167.27,149.09,363.64,1
58,1043,323.5,386,41,100,1
58,1043,498.21,535.06,106.6,260.01,1
58,1043,487.8,244.16,106.6,260.01,0
58,1044,582.11,667.53,53.3,130,1
58,1044,376.36,167.27,149.09,363.64,1
58,1044,498.21,535.06,106.6,260.01,1
58,1044,477.4,233.77,106.6,260.01,0
58,1045,379.57,183.05,139.35,339.88,1
58,1045,498.21,535.06,106.6,260.01,1
58,1045,643.5,622,41,100,1
58,1045,537.54,501.41,115.24,281.08,0
58,1046,294.29,171.43,234.29,571.43,1
58,1047,508.62,545.45,106.6,260.01,1
58,1048,508.62,535.06,106.6,260.01,1
58,1048,453.79,360.66,44.789,109.24,1
58,1048,311.49,196.61,139.35,339.88,1
58,1049,222.75,187.5,256.89,626.57,1
58,1049,584.85,688.52,44.789,109.24,1
58,1049,947.5,610,41,100,1
58,1050,197.65,162.5,256.89,626.57,1
58,1050,548.77,512.68,115.24,281.08,1
58,1051,197.65,162.5,256.89,626.57,1
58,1051,595.5,698,41,100,1
58,1052,197.65,162.5,256.89,626.57,1
58,1052,548.77,512.68,115.24,281.08,1
58,1052,511,596,82,200,1
58,1053,236.67,146.67,273.33,666.67,1
58,1053,599.5,698,41,100,1
58,1053,545.53,662.3,44.789,109.24,1
58,1053,947.5,610,41,100,1
58,1054,272.94,162.5,256.89,626.57,0
58,1054,1171.5,698,41,100,1
58,1054,156.67,120,273.33,666.67,0
58,1054,562.39,557.14,97.8,238.54,0
58,1054,389.68,297.44,211.1,514.87,1
58,1055,271.43,171.43,234.29,571.43,1
58,1055,524.63,635.29,68.997,168.29,0
58,1055,567,604,82,200,1
58,1055,1170,316.67,48.788,118.99,1
58,1055,464,628.57,68.997,168.29,0
58,1056,197.65,162.5,256.89,626.57,1
58,1056,389.68,276.92,211.1,514.87,1
58,1057,222.7,200,177.66,433.32,0
58,1057,327.74,276.92,211.1,514.87,0
58,1057,1193.1,556.92,63.077,153.85,1
58,1057,451.61,276.92,211.1,514.87,1
58,1058,183.23,215.38,211.1,514.87,1
58,1058,1020,313.85,126.15,307.69,1
58,1058,1170,678.57,48.788,118.99,1
58,1059,157.14,217.14,234.29,571.43,0
58,1059,265.07,314.29,195.59,477.04,1
58,1059,572.87,612.84,75.336,183.75,1
58,1060,142,264,164,400,0
58,1060,516.76,356.52,177.66,433.32,1
58,1060,226.87,314.29,195.59,477.04,1
58,1060,807.65,382.51,44.789,109.24,1
58,1061,112.24,238.1,195.59,477.04,0
58,1061,304.48,557.14,97.8,238.54,1
58,1061,591.43,217.14,234.29,571.43,1
58,1061,169.55,314.29,195.59,477.04,0
58,1061,800,369.57,89.208,217.58,1
58,1062,180,217.14,234.29,571.43,1
58,1062,780.88,564.54,58.092,141.69,1
58,1062,603.5,550,41,100,1
58,1063,202.86,217.14,234.29,571.43,1
58,1063,591.43,194.29,234.29,571.43,1
58,1063,782.59,300,89.208,217.58,0
58,1063,803.28,579.23,44.789,109.24,0
58,1064,202.86,217.14,234.29,571.43,1
58,1064,160.92,612.84,75.336,183.75,1
58,1064,601.54,375.38,126.15,307.69,1
58,1064,684.6,212.77,58.092,141.69,1
58,1064,754.55,312.73,149.09,363.64,1
58,1065,158.18,254.55,149.09,363.64,1
58,1065,675.5,214,41,100,1
58,1065,718,280,164,400,1
58,1065,400,636.36,53.3,130,1
58,1065,475.24,621.43,48.788,118.99,1
58,1066,126,248,164,400,1
58,1066,574.12,187.5,256.89,626.57,1
58,1066,307.5,686,41,100,1
58,1066,851.33,417.49,44.789,109.24,1
58,1066,87.805,667.53,53.3,130,1
58,1067,774.63,418.18,53.3,130,1
58,1067,679.5,390,41,100,1
58,1067,158.46,240,126.15,307.69,1
58,1067,290.53,298.59,115.24,281.08,1
58,1067,155.5,654,41,100,1
58,1067,560.89,426.19,48.788,118.99,1
58,1067,751.23,573.81,48.788,118.99,1
58,1068,574.12,187.5,256.89,626.57,1
58,1068,187.27,254.55,149.09,363.64,1
58,1068,314.03,366.67,97.8,238.54,1
58,1068,17.692,520,63.077,153.85,1
58,1069,574.12,187.5,256.89,626.57,1
58,1069,311.49,454.24,139.35,339.88,1
58,1069,158,264,164,400,1
58,1070,54.925,314.29,195.59,477.04,1
58,1070,156.67,120,273.33,666.67,1
58,1070,616.77,276.92,211.1,514.87,1
58,1070,551.35,252.17,177.66,433.32,0
58,1070,14.959,490.91,53.3,130,1
58,1071,54.925,314.29,195.59,477.04,1
58,1071,183.33,120,273.33,666.67,1
58,1071,575.48,297.44,211.1,514.87,1
58,1071,536.36,210.91,149.09,363.64,0
58,1072,169.55,295.24,195.59,477.04,0
58,1072,286,392,164,400,1
58,1072,536.79,622.95,44.789,109.24,1
58,1072,568.65,286.96,177.66,433.32,1
58,1072,505.07,366.67,97.8,238.54,0
58,1073,162.58,276.92,211.1,514.87,1
58,1073,513.43,314.29,195.59,477.04,1
58,1073,624.68,386.44,139.35,339.88,0
58,1073,456.12,257.14,195.59,477.04,0
58,1073,318.46,486.15,126.15,307.69,1
58,1074,456.12,314.29,195.59,477.04,1
58,1074,121.29,276.92,211.1,514.87,1
58,1074,594.55,429.09,149.09,363.64,1
58,1075,100.65,276.92,211.1,514.87,1
58,1075,494,376,164,400,1
58,1075,197.65,112.5,256.89,626.57,0
58,1076,112.24,314.29,195.59,477.04,1
58,1076,494,392,164,400,1
58,1076,683.22,612.84,75.336,183.75,1
58,1076,279.3,512.68,115.24,281.08,1
58,1076,608.44,578.26,89.208,217.58,0
58,1077,183.33,120,273.33,666.67,1
58,1077,110,312,164,400,0
58,1077,475.22,314.29,195.59,477.04,1
58,1078,54.925,314.29,195.59,477.04,1
58,1078,172.55,137.5,256.89,626.57,1
58,1078,682.31,643.08,63.077,153.85,1
58,1078,607.5,698,41,100,1
58,1079,156.67,93.333,273.33,666.67,0
58,1079,93.134,314.29,195.59,477.04,1
58,1079,463.64,429.09,149.09,363.64,1
58,1079,665.58,678.57,48.788,118.99,1
58,1080,153.51,339.13,177.66,433.32,1
58,1080,297.87,454.24,139.35,339.88,1
58,1080,594.94,620.18,75.336,183.75,1
58,1080,694.13,673.81,48.788,118.99,1
58,1080,947.5,610,41,100,1
58,1080,499.5,698,41,100,1
58,1081,150.45,333.33,195.59,477.04,1
58,1081,297.87,454.24,139.35,339.88,0
58,1081,592,621.85,68.997,168.29,1
58,1081,679.58,628.57,68.997,168.29,1
58,1082,112.24,314.29,195.59,477.04,1
58,1082,183.33,120,273.33,666.67,0
58,1082,602.3,612.84,75.336,183.75,1
58,1082,947.5,610,41,100,1
58,1083,35.821,314.29,195.59,477.04,1
58,1083,156.67,120,273.33,666.67,1
58,1083,595.5,702,41,100,1
58,1083,487.5,694,41,100,1
58,1083,666.11,628.57,68.997,168.29,1
58,1083,947.5,610,41,100,1
58,1084,100.65,276.92,211.1,514.87,1
58,1084,183.33,120,273.33,666.67,0
58,1084,483.5,686,41,100,1
58,1084,583.5,698,41,100,1
58,1084,523.69,382.51,44.789,109.24,1
58,1084,947.5,610,41,100,1
58,1085,162.58,276.92,211.1,514.87,1
58,1085,423.53,187.5,256.89,626.57,1
58,1085,351,588,82,200,0
58,1086,141.94,256.41,211.1,514.87,1
58,1086,408.57,217.14,234.29,571.43,1
58,1086,323.58,557.14,97.8,238.54,1
58,1086,687.5,702,41,100,1
58,1087,100.65,256.41,211.1,514.87,1
58,1087,430.97,276.92,211.1,514.87,1
58,1087,574,392,164,400,1
58,1087,216.36,443.64,149.09,363.64,1
58,1088,100.65,256.41,211.1,514.87,1
58,1088,451.61,256.41,211.1,514.87,1
58,1089,451.61,256.41,211.1,514.87,0
58,1089,121.29,276.92,211.1,514.87,1
58,1089,570.75,314.29,195.59,477.04,1
58,1090,100.65,256.41,211.1,514.87,0
58,1090,451.61,256.41,211.1,514.87,1
58,1090,183.33,120,273.33,666.67,1
58,1090,679,596,82,200,1
58,1090,947.5,610,41,100,1
58,1091,142,264,164,400,0
58,1091,451.61,256.41,211.1,514.87,1
58,1091,224.52,276.92,211.1,514.87,1
58,1091,687,588,82,200,1
58,1091,947.5,610,41,100,1
58,1092,142,264,164,400,0
58,1092,472.26,276.92,211.1,514.87,1
58,1092,224.52,276.92,211.1,514.87,1
58,1092,585.95,339.13,177.66,433.32,0
58,1093,492.9,276.92,211.1,514.87,1
58,1093,279.67,545.45,106.6,260.01,1
58,1093,129.09,283.64,149.09,363.64,1
58,1093,218.51,557.14,97.8,238.54,0
58,1093,260.14,360.87,89.208,217.58,0
58,1093,947.5,610,41,100,1
58,1094,59.355,276.92,211.1,514.87,1
58,1094,472.26,276.92,211.1,514.87,1
58,1094,570.75,314.29,195.59,477.04,0
58,1094,183.33,120,273.33,666.67,1
58,1095,100.65,256.41,211.1,514.87,0
58,1095,451.61,276.92,211.1,514.87,1
58,1095,188.11,373.91,177.66,433.32,1
58,1095,570.75,314.29,195.59,477.04,0
58,1095,749.43,451.38,75.336,183.75,1
58,1095,947.5,610,41,100,1
58,1096,187.27,269.09,149.09,363.64,0
58,1096,245.97,314.29,195.59,477.04,1
58,1096,451.61,276.92,211.1,514.87,1
58,1096,585.95,356.52,177.66,433.32,0
58,1097,180,240,234.29,571.43,1
58,1097,451.61,276.92,211.1,514.87,1
58,1097,309.19,356.52,177.66,433.32,0
58,1097,570.75,314.29,195.59,477.04,0
58,1098,245.45,429.09,149.09,363.64,1
58,1098,187.27,269.09,149.09,363.64,0
58,1098,451.61,256.41,211.1,514.87,0
58,1098,330.77,375.38,126.15,307.69,0
58,1098,585.95,339.13,177.66,433.32,1
58,1099,172.73,254.55,149.09,363.64,0
58,1099,226.87,314.29,195.59,477.04,1
58,1099,537.54,512.68,115.24,281.08,1
58,1099,698.88,607.14,48.788,118.99,1
58,1100,172.73,269.09,149.09,363.64,0
58,1100,526.32,512.68,115.24,281.08,1
58,1100,224.52,297.44,211.1,514.87,1
58,1100,570.75,314.29,195.59,477.04,0
58,1100,507.27,298.18,149.09,363.64,0
58,1101,172.73,269.09,149.09,363.64,0
58,1101,224.52,297.44,211.1,514.87,1
58,1101,537.54,512.68,115.24,281.08,1
58,1102,118.92,234.78,177.66,433.32,1
58,1102,451.61,276.92,211.1,514.87,1
58,1102,220,326.15,126.15,307.69,0
58,1102,585.95,356.52,177.66,433.32,0
58,1103,101.62,252.17,177.66,433.32,0
58,1103,472.26,276.92,211.1,514.87,1
58,1103,290.08,535.06,106.6,260.01,1
58,1103,304.48,328.57,97.8,238.54,0
58,1103,170.81,356.52,177.66,433.32,0
58,1104,472.26,276.92,211.1,514.87,1
58,1104,93.134,257.14,195.59,477.04,0
58,1104,150.45,314.29,195.59,477.04,0
58,1104,226.87,314.29,195.59,477.04,1
58,1105,100,283.64,149.09,363.64,0
58,1105,430.97,276.92,211.1,514.87,1
58,1105,183.08,326.15,126.15,307.69,0
58,1105,188.94,440.68,139.35,339.88,1
58,1105,613.85,486.15,126.15,307.69,1
58,1106,126,280,164,400,0
58,1106,533.73,557.14,97.8,238.54,1
58,1106,503.36,609.93,58.092,141.69,0
58,1106,613.85,486.15,126.15,307.69,1
58,1106,188.94,454.24,139.35,339.88,1
58,1106,290.08,524.68,106.6,260.01,0
58,1106,287,404,82,200,0
58,1107,451.61,276.92,211.1,514.87,1
58,1107,126,296,164,400,0
58,1107,170.77,486.15,126.15,307.69,1
58,1107,266.27,395.24,97.8,238.54,1
58,1108,94,280,164,400,0
58,1108,389.68,276.92,211.1,514.87,1
58,1108,268.07,523.94,115.24,281.08,1
58,1108,576.92,486.15,126.15,307.69,1
58,1108,947.5,610,41,100,1
58,1108,161.7,467.8,139.35,339.88,1
58,1109,46,280,164,400,1
58,1109,398,392,164,400,0
58,1109,240,356.52,177.66,433.32,0
58,1109,334,376,164,400,0
58,1109,462,408,164,400,1
58,1109,599.65,655.32,58.092,141.69,0
58,1109,947.5,610,41,100,1
58,1110,59.355,256.41,211.1,514.87,1
58,1110,366,392,164,400,0
58,1110,245.97,314.29,195.59,477.04,0
58,1110,477.4,535.06,106.6,260.01,1
58,1110,560.89,673.81,48.788,118.99,0
58,1110,947.5,610,41,100,1
58,1111,245.16,276.92,211.1,514.87,1
58,1111,80,235.9,211.1,514.87,1
58,1111,412.97,339.13,177.66,433.32,1
58,1112,158,248,164,400,0
58,1112,207.76,314.29,195.59,477.04,1
58,1112,431.95,277.6,44.789,109.24,1
58,1113,158.18,283.64,149.09,363.64,0
58,1113,226.87,333.33,195.59,477.04,1
58,1113,679,588,82,200,1
58,1114,74.03,314.29,195.59,477.04,1
58,1114,156.67,120,273.33,666.67,1
58,1114,558,264,164,400,1
58,1114,721.63,386.96,89.208,217.58,1
58,1115,574.12,187.5,256.89,626.57,1
58,1115,84.324,356.52,177.66,433.32,1
58,1115,156.67,120,273.33,666.67,1
58,1116,549.02,187.5,256.89,626.57,1
58,1116,84.324,373.91,177.66,433.32,1
58,1116,156.67,120,273.33,666.67,1
58,1116,947.5,610,41,100,1
58,1117,549.02,162.5,256.89,626.57,1
58,1117,106.95,594.96,68.997,168.29,0
58,1117,32.281,501.41,115.24,281.08,1
58,1118,549.02,187.5,256.89,626.57,1
58,1119,576.92,264.62,126.15,307.69,1
58,1119,109.43,612.84,75.336,183.75,1
58,1120,589.23,276.92,126.15,307.69,1
58,1120,30.569,532.47,53.3,130,1
58,1121,568.57,217.14,234.29,571.43,1
58,1122,576.92,276.92,126.15,307.69,1
58,1122,646.54,616.67,48.788,118.99,1
58,1123,568.57,217.14,234.29,571.43,1
58,1124,639.29,609.93,58.092,141.69,1
58,1124,558,248,164,400,1
58,1125,568.57,217.14,234.29,571.43,1
58,1126,568.57,217.14,234.29,571.43,1
58,1127,568.57,217.14,234.29,571.43,1
58,1128,545.71,240,234.29,571.43,1
58,1129,448.63,187.5,256.89,626.57,1
58,1130,373.33,187.5,256.89,626.57,1
58,1131,509.03,655.32,58.092,141.69,1
58,1131,362.86,171.43,234.29,571.43,1
58,1131,550.8,333.94,75.336,183.75,0
58,1132,373.33,187.5,256.89,626.57,1
58,1132,860.77,581.54,63.077,153.85,1
58,1132,695.5,598,41,100,1
58,1133,373.33,162.5,256.89,626.57,1
58,1134,373.33,187.5,256.89,626.57,1
58,1134,963.5,626,41,100,1
58,1135,373.33,187.5,256.89,626.57,1
58,1136,373.33,187.5,256.89,626.57,1
58,1136,815,532,82,200,1
58,1137,373.33,187.5,256.89,626.57,1
58,1137,800.65,594.81,53.3,130,1
58,1138,446,392,164,400,1
58,1138,376.36,225.45,149.09,363.64,1
58,1138,767.16,621.85,68.997,168.29,1
58,1139,385.71,194.29,234.29,571.43,1
58,1139,773.89,628.57,68.997,168.29,1
58,1140,373.33,187.5,256.89,626.57,1
58,1140,779.5,578,41,100,1
58,1141,408.57,217.14,234.29,571.43,1
58,1141,373.33,192.21,106.6,260.01,0
58,1142,385.71,217.14,234.29,571.43,1
58,1143,373.33,187.5,256.89,626.57,1
58,1144,362.86,194.29,234.29,571.43,1
58,1145,408.57,217.14,234.29,571.43,1
58,1145,361.79,204.76,97.8,238.54,0
58,1146,446.73,615.6,58.092,141.69,1
58,1146,361.82,283.64,149.09,363.64,1
58,1146,469.12,378.26,89.208,217.58,0
58,1146,543.5,458,41,100,0
58,1146,431.95,605.46,44.789,109.24,0
58,1147,334,296,164,400,1
58,1147,456.59,410.39,106.6,260.01,0
58,1148,327.5,610,41,100,1
58,1148,447.72,377.46,115.24,281.08,1
58,1149,216.17,318.64,139.35,339.88,1
58,1149,559.5,702,41,100,1
58,1149,336,628.57,68.997,168.29,1
58,1150,258.86,410.39,106.6,260.01,1
58,1150,154.8,316.88,106.6,260.01,1
58,1151,172.55,137.5,256.89,626.57,1
58,1151,95,348,82,200,1
58,1152,189.47,512.68,115.24,281.08,1
58,1152,84.324,356.52,177.66,433.32,1
58,1152,227.64,483.12,106.6,260.01,0
58,1153,188.94,454.24,139.35,339.88,1
58,1153,68.571,404.35,89.208,217.58,1
58,1154,19.5,698,41,100,1
58,1155,87,596,82,200,1
58,1156,71,596,82,200,1
58,1157,71,588,82,200,1
58,1158,99.5,666,41,100,1
58,1159,214.62,532.31,63.077,153.85,1
58,1160,74.03,314.29,195.59,477.04,1
58,1161,188.11,356.52,177.66,433.32,1
58,1162,291.89,356.52,177.66,433.32,1
58,1163,307.1,276.92,211.1,514.87,1
58,1164,408.57,217.14,234.29,571.43,1
58,1165,408.57,217.14,234.29,571.43,1
58,1166,366,216,164,400,1
58,1166,522.31,390.77,63.077,153.85,1
58,1167,350,200,164,400,0
58,1167,488.51,467.8,139.35,339.88,1
58,1167,398,392,164,400,0
58,1168,398,392,164,400,1
58,1168,366,184,164,400,0
58,1168,490.77,473.85,126.15,307.69,0
58,1168,947.5,610,41,100,1
58,1169,323.14,162.5,256.89,626.57,1
58,1170,323.14,162.5,256.89,626.57,1
58,1171,298.04,162.5,256.89,626.57,1
58,1172,298.04,162.5,256.89,626.57,1
58,1173,272.94,162.5,256.89,626.57,1
58,1174,272.94,162.5,256.89,626.57,1
58,1175,298.04,162.5,256.89,626.57,1
58,1176,272.94,162.5,256.89,626.57,1
58,1177,298.04,162.5,256.89,626.57,1
58,1178,298.04,162.5,256.89,626.57,1
58,1179,247.84,162.5,256.89,626.57,1
58,1179,447.76,461.9,97.8,238.54,0
58,1180,298.04,162.5,256.89,626.57,1
58,1181,373.33,162.5,256.89,626.57,1
58,1182,373.33,187.5,256.89,626.57,1
58,1183,373.33,187.5,256.89,626.57,1
58,1184,373.33,162.5,256.89,626.57,1
58,1185,423.53,162.5,256.89,626.57,1
58,1186,473.73,162.5,256.89,626.57,1
58,1187,568.57,194.29,234.29,571.43,1
58,1187,758.23,655.32,58.092,141.69,1
58,1188,649.41,162.5,256.89,626.57,1
58,1189,891.5,366,41,100,1
58,1189,739.65,253.52,115.24,281.08,1
58,1190,749.8,187.5,256.89,626.57,1
58,1191,749.8,187.5,256.89,626.57,1
58,1192,749.8,187.5,256.89,626.57,1
58,1192,565.05,621.85,68.997,168.29,1
58,1193,749.8,187.5,256.89,626.57,1
58,1194,749.8,162.5,256.89,626.57,1
58,1195,743.33,146.67,273.33,666.67,1
58,1196,699.61,162.5,256.89,626.57,1
58,1197,624.31,162.5,256.89,626.57,1
58,1197,591.02,326.09,89.208,217.58,0
58,1198,556.67,146.67,273.33,666.67,1
58,1199,574.12,187.5,256.89,626.57,1
58,1200,528.05,614.21,44.789,109.24,1
58,1200,638.6,512.68,115.24,281.08,1
58,1201,385.71,217.14,234.29,571.43,0
58,1201,492.9,276.92,211.1,514.87,1
58,1201,319.23,643.08,63.077,153.85,1
58,1202,385.71,240,234.29,571.43,1
58,1202,338.5,578.26,89.208,217.58,0
58,1203,385.71,240,234.29,571.43,1
58,1203,356.21,621.85,68.997,168.29,0
58,1204,385.71,240,234.29,571.43,1
58,1205,362.86,240,234.29,571.43,1
58,1206,410.32,276.92,211.1,514.87,1
58,1207,532.42,688.52,44.789,109.24,1
58,1208,389.68,276.92,211.1,514.87,1
58,1209,410.32,235.9,211.1,514.87,1
58,1210,625.68,628.57,68.997,168.29,1
58,1210,414.96,400,106.6,260.01,0
58,1210,482.16,269.57,177.66,433.32,1
58,1211,537.54,343.66,115.24,281.08,1
58,1211,607.5,214,41,100,1
58,1211,947.5,610,41,100,1
58,1211,639.29,496.45,58.092,141.69,1
58,1212,599.22,187.5,256.89,626.57,1
58,1212,373.98,667.53,53.3,130,1
58,1212,366.9,517.43,75.336,183.75,1
58,1212,416.84,628.57,68.997,168.29,1
58,1213,927,484,82,200,0
58,1213,624.31,187.5,256.89,626.57,1
58,1213,143,596,82,200,1
58,1213,960.59,26.19,48.788,118.99,1
58,1213,1142.1,467.8,139.35,339.88,1
58,1213,915.82,566.67,97.8,238.54,1
58,1213,993.9,678.57,48.788,118.99,0
58,1214,581.46,348.05,106.6,260.01,1
58,1214,956.75,64.935,53.3,130,1
58,1214,671.5,254,41,100,1
58,1214,753.82,283.12,53.3,130,1
58,1214,774.63,272.73,53.3,130,0
58,1216,447.76,566.67,97.8,238.54,1
58,1216,343.08,486.15,126.15,307.69,1
58,1216,946.15,473.85,126.15,307.69,1
58,1217,800,314.29,195.59,477.04,0
58,1217,876.42,314.29,195.59,477.04,1
58,1217,207.69,486.15,126.15,307.69,1
58,1217,87.356,546.79,75.336,183.75,1
58,1217,710.91,429.09,149.09,363.64,1
58,1217,159.5,670,41,100,1
58,1218,943.64,429.09,149.09,363.64,1
58,1218,50.732,535.06,106.6,260.01,1
58,1218,864.44,675.41,44.789,109.24,1
58,1219,54.737,512.68,115.24,281.08,1
58,1219,290.73,667.53,53.3,130,1
58,1220,288.14,655.32,58.092,141.69,1
58,1220,170.77,486.15,126.15,307.69,1
58,1220,54.737,512.68,115.24,281.08,0
58,1220,102.76,535.06,106.6,260.01,1
58,1221,288.14,655.32,58.092,141.69,1
58,1221,102.76,535.06,106.6,260.01,0
58,1221,27.463,557.14,97.8,238.54,1
58,1221,183.08,486.15,126.15,307.69,0
58,1221,144.39,535.06,106.6,260.01,1
58,1222,202.55,454.24,139.35,339.88,1
58,1222,94.694,491.3,89.208,217.58,1
58,1223,336,635.29,68.997,168.29,1
58,1223,202.55,440.68,139.35,339.88,1
58,1223,103.4,508.7,89.208,217.58,1
58,1224,47.692,486.15,126.15,307.69,1
58,1224,285.98,612.84,75.336,183.75,1
58,1225,21.053,512.68,115.24,281.08,0
58,1225,145.04,532.47,53.3,130,0
58,1225,84.776,557.14,97.8,238.54,1
58,1226,103.88,557.14,97.8,238.54,1
58,1226,233.5,548.05,53.3,130,1
58,1227,187.27,443.64,149.09,363.64,1
58,1227,155.65,578.26,89.208,217.58,0
58,1284,947.5,610,41,100,1
58,1331,947.5,610,41,100,1
58,1368,947.5,610,41,100,1
58,1408,960.55,207.65,44.789,109.24,1
58,1408,895.78,456.52,89.208,217.58,1
58,1409,761.79,180.95,195.59,477.04,1
58,1409,925.53,335.06,53.3,130,0
58,1410,682.86,217.14,234.29,571.43,1
58,1411,614.29,240,234.29,571.43,1
58,1412,591.43,240,234.29,571.43,1
58,1413,637.42,256.41,211.1,514.87,1
58,1413,607,388,82,200,0
58,1414,728.57,194.29,234.29,571.43,1
58,1415,728.57,171.43,234.29,571.43,1
58,1415,703.5,370,41,100,0
58,1416,699.35,194.87,211.1,514.87,1
58,1417,624.31,162.5,256.89,626.57,1
58,1418,616.77,215.38,211.1,514.87,1
58,1419,624.31,162.5,256.89,626.57,1
58,1420,637.14,217.14,234.29,571.43,1
58,1421,660,194.29,234.29,571.43,1
58,1422,637.14,217.14,234.29,571.43,1
58,1422,758.92,321.74,177.66,433.32,0
58,1423,852.41,466.06,75.336,183.75,1
58,1423,822.6,521.43,48.788,118.99,0
58,1423,647,356,82,200,1
58,1424,826.12,543.48,89.208,217.58,1
58,1424,763.5,462,41,100,1
58,1425,521.82,414.55,149.09,363.64,1
58,1425,817.84,678.57,48.788,118.99,1
58,1426,343.08,461.54,126.15,307.69,1
58,1426,503.79,602.38,48.788,118.99,1
58,1428,303.94,597.62,48.788,118.99,1
58,1428,454.62,643.08,63.077,153.85,1
58,1428,589.44,678.57,48.788,118.99,1
58,1429,436.31,675.41,44.789,109.24,0
58,1429,283.41,618.58,44.789,109.24,1
58,1429,453.79,692.9,44.789,109.24,1
58,1430,423,596,82,200,1
58,1430,270.63,578.57,48.788,118.99,1
58,1431,408.16,578.26,89.208,217.58,1
58,1432,418.39,612.84,75.336,183.75,1
58,1433,447.82,612.84,75.336,183.75,1
58,1433,534.62,643.08,63.077,153.85,1
58,1435,473.08,643.08,63.077,153.85,1
58,1436,484.21,628.57,68.997,168.29,0
58,1436,373.98,667.53,53.3,130,1
58,1436,457.26,635.29,68.997,168.29,1
58,1437,443.79,621.85,68.997,168.29,1
58,1438,528.46,643.08,63.077,153.85,1
58,1438,442.31,649.23,63.077,153.85,1
58,1438,365.8,673.81,48.788,118.99,1
58,1438,238.05,535.06,106.6,260.01,1
58,1439,455.17,620.18,75.336,183.75,1
58,1439,331.54,649.23,63.077,153.85,1
58,1461,947.5,610,41,100,1
58,1538,1143,604,82,200,1
58,1541,988.39,276.92,211.1,514.87,1
58,1542,847.69,486.15,126.15,307.69,1
58,1542,689.37,435.71,48.788,118.99,1
58,1543,383.74,493.51,106.6,260.01,1
58,1543,510,392,164,400,1
58,1543,1161.5,688.52,44.789,109.24,1
58,1544,783.64,443.64,149.09,363.64,1
58,1544,910,643.08,63.077,153.85,0
58,1547,773.33,512.68,115.24,281.08,1
58,1550,760.85,372.88,139.35,339.88,1
58,1554,361.79,557.14,97.8,238.54,1
58,1554,947.5,610,41,100,1
58,1555,127,596,82,200,1
58,1594,947.5,610,41,100,1
58,1648,566.5,667.53,53.3,130,1
58,1649,661.05,512.68,115.24,281.08,1
58,1650,699.35,276.92,211.1,514.87,1
58,1650,485.38,612.31,63.077,153.85,1
58,1651,596.13,297.44,211.1,514.87,1
58,1651,490.95,507.56,68.997,168.29,1
58,1652,389.68,276.92,211.1,514.87,1
58,1653,359.54,466.06,75.336,183.75,1
58,1654,332.36,553.25,53.3,130,1
58,1666,142.09,557.14,97.8,238.54,1
58,1679,118.23,655.32,58.092,141.69,1
58,1684,144.56,512.68,115.24,281.08,1
58,1685,144.56,523.94,115.24,281.08,1
58,1690,423.58,628.57,68.997,168.29,1
58,1693,151.64,566.67,97.8,238.54,1
58,1695,276.81,655.32,58.092,141.69,1
58,1697,267.5,698,41,100,1
58,1698,139.84,667.53,53.3,130,1
58,1699,251.54,636.92,63.077,153.85,1
58,1699,403.5,606,41,100,1
58,1700,242.72,578.26,89.208,217.58,1
58,1701,121.54,486.15,126.15,307.69,1
58,1702,241.84,605.5,75.336,183.75,1
58,1702,85.455,429.09,149.09,363.64,1
58,1703,85.455,443.64,149.09,363.64,1
58,1703,241.84,605.5,75.336,183.75,1
58,1704,93.617,454.24,139.35,339.88,1
58,1705,154.11,628.57,68.997,168.29,1
58,1706,153.56,620.18,75.336,183.75,1
58,1706,124.14,612.84,75.336,183.75,0
58,1706,399.46,569.57,89.208,217.58,1
58,1707,119,596,82,200,1
58,1708,116.78,605.5,75.336,183.75,1
58,1711,85.455,429.09,149.09,363.64,1
58,1711,270.31,614.21,44.789,109.24,1
58,1712,134.47,454.24,139.35,339.88,1
58,1713,148.09,454.24,139.35,339.88,1
58,1714,155.79,512.68,115.24,281.08,1
58,1714,947.44,605.46,44.789,109.24,1
58,1715,159,588,82,200,1
58,1716,134.47,454.24,139.35,339.88,1
58,1717,154.8,535.06,106.6,260.01,1
58,1717,288.14,649.65,58.092,141.69,1
58,1717,947.5,610,41,100,1
58,1718,134.47,454.24,139.35,339.88,1
58,1718,466.92,630.77,63.077,153.85,1
58,1719,133.85,486.15,126.15,307.69,1
58,1720,165.2,535.06,106.6,260.01,1
58,1725,109.23,498.46,126.15,307.69,1
58,1725,255.16,568.07,68.997,168.29,1
58,1726,143,596,82,200,1
58,1728,206,392,164,400,1
58,1729,242.72,578.26,89.208,217.58,1
58,1729,376.36,429.09,149.09,363.64,1
58,1730,146.21,612.84,75.336,183.75,1
58,1731,78,392,164,400,1
58,1731,156.67,120,273.33,666.67,1
58,1732,126,392,164,400,1
58,1732,380.77,643.08,63.077,153.85,1
58,1733,170.81,356.52,177.66,433.32,1
58,1734,243.5,702,41,100,1
58,1735,215.5,698,41,100,1
58,1736,126,376,164,400,1
58,1738,126,392,164,400,1
58,1739,126,392,164,400,1
58,1740,215.5,702,41,100,1
58,1741,136.22,373.91,177.66,433.32,1
58,1741,93.474,628.57,68.997,168.29,0
58,1742,142,392,164,400,1
58,1743,142,392,164,400,1
58,1744,210,120,273.33,666.67,1
58,1746,46,408,164,400,1
58,1747,41.818,443.64,149.09,363.64,1
58,1748,94,392,164,400,1
58,1749,257.2,596.72,44.789,109.24,1
58,1750,382,408,164,400,1
58,1750,305.26,684.15,44.789,109.24,1
58,1751,207,588,82,200,1
58,1752,183.33,120,273.33,666.67,1
58,1753,190,376,164,400,1
58,1754,511.16,487.39,68.997,168.29,0
58,1754,497.7,575.89,58.092,141.69,1
58,1755,226.62,622.95,44.789,109.24,1
58,1755,473.08,544.62,63.077,153.85,1
58,1755,276.15,526.15,63.077,153.85,1
58,1757,392.31,486.15,126.15,307.69,1
58,1758,1106.2,473.85,126.15,307.69,1
58,1758,275.12,620.78,53.3,130,1
58,1758,447.66,454.24,139.35,339.88,1
58,1759,243.9,605.19,53.3,130,1
58,1759,391,356,82,200,1
58,1759,837.7,612.84,75.336,183.75,1
58,1760,325.38,556.92,63.077,153.85,1
58,1760,374.62,649.23,63.077,153.85,1
58,1760,353.17,631.17,53.3,130,0
58,1761,410.32,276.92,211.1,514.87,1
58,1761,332.49,550,48.788,118.99,1
58,1762,389.68,276.92,211.1,514.87,1
58,1762,618.95,453.78,68.997,168.29,0
58,1762,572.87,466.06,75.336,183.75,0
58,1762,611.5,590,41,100,1
58,1762,990,376,164,400,1
58,1762,350.44,519.15,58.092,141.69,0
58,1763,389.68,297.44,211.1,514.87,1
58,1763,702,392,164,400,1
58,1763,337.69,507.69,63.077,153.85,1
58,1763,623.5,470,41,100,1
58,1764,348.39,297.44,211.1,514.87,1
58,1764,311.54,527.27,53.3,130,0
58,1765,322.12,524.82,58.092,141.69,1
58,1765,342.69,423.81,97.8,238.54,1
58,1765,553.08,581.54,63.077,153.85,1
58,1766,353.31,640.44,44.789,109.24,0
58,1766,305.26,592.35,44.789,109.24,1
58,1766,347.21,465.22,89.208,217.58,1
58,1766,289.67,554.76,48.788,118.99,0
58,1766,311.54,532.47,53.3,130,0
58,1766,366.42,657.92,44.789,109.24,1
58,1767,322.39,314.29,195.59,477.04,1
58,1767,284.91,569.05,48.788,118.99,1
58,1768,341.49,314.29,195.59,477.04,1
58,1768,617.14,291.3,89.208,217.58,1
58,1768,284.91,569.05,48.788,118.99,1
58,1768,311.54,542.86,53.3,130,0
58,1769,362.05,657.92,44.789,109.24,1
58,1769,321.95,558.44,53.3,130,1
58,1769,553.08,581.54,63.077,153.85,1
58,1770,303.28,314.29,195.59,477.04,1
58,1770,607.5,414,41,100,1
58,1770,546.92,587.69,63.077,153.85,1
58,1770,271.26,524.77,75.336,183.75,0
58,1771,303.28,314.29,195.59,477.04,1
58,1771,284.91,583.33,48.788,118.99,0
58,1772,322.39,314.29,195.59,477.04,1
58,1772,290.73,553.25,53.3,130,0
58,1772,703.5,382,41,100,1
58,1772,264.72,568.83,53.3,130,1
58,1773,280.33,553.25,53.3,130,0
58,1773,257.2,583.61,44.789,109.24,1
58,1773,337.69,643.08,63.077,153.85,1
58,1774,274.68,539.89,44.789,109.24,1
58,1774,316.75,641.56,53.3,130,1
58,1775,275.12,527.27,53.3,130,1
58,1775,378.38,373.91,177.66,433.32,1
58,1776,423.21,566.12,44.789,109.24,1
58,1776,172.73,341.82,149.09,363.64,1
58,1777,411.03,546.79,75.336,183.75,1
58,1777,129.52,491.3,89.208,217.58,1
58,1778,170.77,375.38,126.15,307.69,1
58,1778,441.63,558.44,53.3,130,1
58,1779,202.31,501.54,63.077,153.85,1
58,1780,181.77,465.22,89.208,217.58,1
58,1781,188.11,356.52,177.66,433.32,1
58,1781,423.5,570,41,100,1
58,1781,155.65,456.52,89.208,217.58,0
58,1782,126,376,164,400,1
58,1783,46.567,452.38,97.8,238.54,1
58,1809,895.16,554.62,68.997,168.29,1
58,1810,773.85,375.38,126.15,307.69,1
58,1812,379.57,291.53,139.35,339.88,1
58,1813,302,280,164,400,0
58,1813,379.7,333.33,195.59,477.04,1
58,1814,222.75,187.5,256.89,626.57,1
58,1814,158,264,164,400,0
58,1815,202.55,467.8,139.35,339.88,1
58,1820,16.716,314.29,195.59,477.04,1
58,1821,142,264,164,400,0
58,1821,226.87,314.29,195.59,477.04,1
58,1822,203.87,276.92,211.1,514.87,1
58,1822,158.46,338.46,126.15,307.69,0
58,1823,245.16,276.92,211.1,514.87,1
58,1823,415,588,82,200,0
58,1824,389.68,276.92,211.1,514.87,1
58,1825,430.27,356.52,177.66,433.32,1
58,1826,437.01,314.29,195.59,477.04,1
58,1827,512.65,578.26,89.208,217.58,1
58,1827,359.54,480.73,75.336,183.75,1
58,1830,334,392,164,400,1
58,1831,385.71,240,234.29,571.43,1
58,1832,389.68,276.92,211.1,514.87,1
58,1833,284.18,295.24,195.59,477.04,1
58,1834,398,392,164,400,1
58,1834,318.18,298.18,149.09,363.64,0
58,1835,303.64,298.18,149.09,363.64,1
58,1836,322.39,314.29,195.59,477.04,1
58,1837,348.39,276.92,211.1,514.87,1
58,1838,385.71,240,234.29,571.43,1
58,1839,410.32,276.92,211.1,514.87,1
58,1840,417.91,295.24,195.59,477.04,1
58,1840,363.58,594.81,53.3,130,1
58,1841,410.32,276.92,211.1,514.87,1
58,1842,389.68,235.9,211.1,514.87,1
58,1843,431.43,217.14,234.29,571.43,1
58,1844,522.86,217.14,234.29,571.43,1
58,1845,591.04,557.14,97.8,238.54,1
58,1846,403.68,480.73,75.336,183.75,1
58,1846,514.63,557.14,97.8,238.54,1
58,1846,380.07,302.38,48.788,118.99,1
58,1847,348.39,276.92,211.1,514.87,1
58,1848,326.49,356.52,177.66,433.32,1
58,1848,180,217.14,234.29,571.43,1
58,1849,224.52,276.92,211.1,514.87,1
58,1849,172.73,269.09,149.09,363.64,0
58,1850,156.67,120,273.33,666.67,1
58,1851,207.69,498.46,126.15,307.69,1
58,1861,126.14,692.9,44.789,109.24,1
58,1862,180.22,678.57,48.788,118.99,1
58,1862,-2.3881,333.33,195.59,477.04,1
58,1863,47.692,486.15,126.15,307.69,1
58,1863,-0.76923,483.08,63.077,153.85,1
58,1864,-2,376,164,400,1
58,1866,191.87,574.03,53.3,130,1
58,1867,121.29,297.44,211.1,514.87,1
58,1867,458.16,688.52,44.789,109.24,1
58,1868,112.24,314.29,195.59,477.04,1
58,1868,519.02,420.78,106.6,260.01,1
58,1869,121.29,297.44,211.1,514.87,1
58,1869,591.43,194.29,234.29,571.43,0
58,1869,699.35,276.92,211.1,514.87,1
58,1870,131.34,314.29,195.59,477.04,1
58,1870,650.62,564.54,58.092,141.69,0
58,1870,611.5,546,41,100,0
58,1870,618.54,579.22,53.3,130,1
58,1871,112.24,314.29,195.59,477.04,1
58,1871,636.67,146.67,273.33,666.67,1
58,1872,663.33,146.67,273.33,666.67,1
58,1872,183.33,120,273.33,666.67,1
58,1873,183.08,486.15,126.15,307.69,1
58,1873,602.32,246.99,44.789,109.24,1
58,1873,658.06,276.92,211.1,514.87,1
58,1874,570.75,219.05,195.59,477.04,1
58,1874,54.925,314.29,195.59,477.04,1
58,1874,628.53,627.32,44.789,109.24,1
58,1875,513.55,174.36,211.1,514.87,1
58,1875,656.28,649.65,58.092,141.69,1
58,1875,101.62,356.52,177.66,433.32,1
58,1876,503.33,120,273.33,666.67,1
58,1876,80,297.44,211.1,514.87,1
58,1877,530,120,273.33,666.67,1
58,1877,59.355,297.44,211.1,514.87,1
58,1877,775.02,440.48,48.788,118.99,0
58,1877,130,120,273.33,666.67,0
58,1878,556.67,120,273.33,666.67,1
58,1878,35.821,314.29,195.59,477.04,1
58,1879,583.33,120,273.33,666.67,1
58,1879,35.821,314.29,195.59,477.04,1
58,1879,800,369.57,89.208,217.58,0
58,1880,556.67,120,273.33,666.67,1
58,1880,59.355,276.92,211.1,514.87,1
58,1880,242.72,578.26,89.208,217.58,1
58,1881,556.67,120,273.33,666.67,1
58,1881,121.29,276.92,211.1,514.87,1
58,1881,94.713,414.68,75.336,183.75,0
58,1881,947.5,610,41,100,1
58,1882,556.67,120,273.33,666.67,1
58,1882,121.29,276.92,211.1,514.87,1
58,1883,556.67,120,273.33,666.67,1
58,1883,80,297.44,211.1,514.87,1
58,1883,156.67,120,273.33,666.67,0
58,1884,556.67,120,273.33,666.67,1
58,1884,84.324,356.52,177.66,433.32,1
58,1884,947.5,610,41,100,1
58,1885,556.67,120,273.33,666.67,1
58,1885,74.03,314.29,195.59,477.04,1
58,1885,251.54,643.08,63.077,153.85,1
58,1886,556.67,120,273.33,666.67,1
58,1886,54.925,314.29,195.59,477.04,1
58,1887,556.67,120,273.33,666.67,1
58,1887,54.925,314.29,195.59,477.04,1
58,1887,805.38,415.38,63.077,153.85,0
58,1887,238.7,662.34,53.3,130,1
58,1888,556.67,120,273.33,666.67,1
58,1888,54.925,333.33,195.59,477.04,1
58,1889,556.67,120,273.33,666.67,1
58,1889,67.027,356.52,177.66,433.32,1
58,1890,556.67,120,273.33,666.67,1
58,1890,84.324,339.13,177.66,433.32,1
58,1890,247.5,558,41,100,0
58,1891,556.67,120,273.33,666.67,1
58,1891,67.027,356.52,177.66,433.32,1
58,1891,803.5,474,41,100,0
58,1892,556.67,120,273.33,666.67,1
58,1892,67.027,356.52,177.66,433.32,1
58,1892,947.5,610,41,100,1
58,1893,556.67,120,273.33,666.67,1
58,1893,67.027,356.52,177.66,433.32,1
58,1894,556.67,120,273.33,666.67,1
58,1894,114.55,443.64,149.09,363.64,1
58,1894,70.909,327.27,149.09,363.64,0
58,1895,556.67,120,273.33,666.67,1
58,1895,67.027,356.52,177.66,433.32,1
58,1895,947.5,610,41,100,1
58,1896,556.67,120,273.33,666.67,1
58,1896,67.027,356.52,177.66,433.32,1
58,1896,947.44,605.46,44.789,109.24,1
58,1897,556.67,120,273.33,666.67,1
58,1897,67.027,356.52,177.66,433.32,1
58,1898,583.33,120,273.33,666.67,1
58,1898,67.027,356.52,177.66,433.32,1
58,1899,556.67,120,273.33,666.67,1
58,1899,84.324,339.13,177.66,433.32,1
58,1899,947.5,610,41,100,1
58,1900,556.67,120,273.33,666.67,1
58,1900,84.324,339.13,177.66,433.32,1
58,1901,556.67,120,273.33,666.67,1
58,1901,54.925,314.29,195.59,477.04,1
58,1902,556.67,120,273.33,666.67,1
58,1902,84.324,356.52,177.66,433.32,1
58,1903,556.67,120,273.33,666.67,1
58,1903,54.925,314.29,195.59,477.04,1
58,1904,556.67,120,273.33,666.67,1
58,1904,54.925,314.29,195.59,477.04,1
58,1905,556.67,120,273.33,666.67,1
58,1905,112.24,314.29,195.59,477.04,1
58,1905,263.91,612.84,75.336,183.75,1
58,1906,556.67,120,273.33,666.67,1
58,1906,121.29,276.92,211.1,514.87,1
58,1907,556.67,120,273.33,666.67,1
58,1907,121.29,276.92,211.1,514.87,1
58,1908,583.33,120,273.33,666.67,1
58,1908,141.94,276.92,211.1,514.87,1
58,1908,947.5,610,41,100,1
58,1909,556.67,120,273.33,666.67,1
58,1909,169.55,314.29,195.59,477.04,1
58,1910,599.22,162.5,256.89,626.57,1
58,1910,286,392,164,400,1
58,1911,636.67,146.67,273.33,666.67,1
58,1911,466.92,384.62,63.077,153.85,1
58,1912,782,248,164,400,1
58,1912,823,604,82,200,1
58,1913,940.69,238.53,75.336,183.75,1
58,1914,1132,598.17,75.336,183.75,1
58,1915,1175.5,698,41,100,1
58,2082,35.385,486.15,126.15,307.69,1
58,2083,139.84,672.73,53.3,130,1
58,2084,216.36,414.55,149.09,363.64,1
58,2085,286.45,276.92,211.1,514.87,1
58,2086,389.68,276.92,211.1,514.87,1
58,2087,398.43,187.5,256.89,626.57,1
58,2087,214.62,649.23,63.077,153.85,1
58,2088,423.33,146.67,273.33,666.67,1
58,2089,594.94,143.12,75.336,183.75,1
58,2089,713.26,628.57,68.997,168.29,1
58,2090,628.06,333.33,195.59,477.04,1
58,2090,554.84,112.82,211.1,514.87,0
58,2090,773.88,421.74,89.208,217.58,0
58,2091,699.35,276.92,211.1,514.87,1
58,2091,554.84,112.82,211.1,514.87,1
58,2092,513.55,112.82,211.1,514.87,1
58,2092,751.43,217.14,234.29,571.43,1
58,2092,696.36,429.09,149.09,363.64,1
58,2093,513.55,112.82,211.1,514.87,1
58,2093,751.43,171.43,234.29,571.43,1
58,2094,751.43,171.43,234.29,571.43,1
58,2094,513.43,104.76,195.59,477.04,1
58,2094,710.91,443.64,149.09,363.64,1
58,2095,728.57,171.43,234.29,571.43,1
58,2095,492.9,112.82,211.1,514.87,1
58,2096,728.57,148.57,234.29,571.43,1
58,2096,475.22,123.81,195.59,477.04,1
58,2097,751.43,148.57,234.29,571.43,1
58,2097,456.12,123.81,195.59,477.04,1
58,2097,571.79,514.29,68.997,168.29,1
58,2098,774.29,148.57,234.29,571.43,1
58,2098,431.43,125.71,234.29,571.43,1
58,2099,451.61,153.85,211.1,514.87,1
58,2099,781.94,153.85,211.1,514.87,0
58,2099,823.23,256.41,211.1,514.87,1
58,2099,503.85,569.23,63.077,153.85,1
58,2100,408.57,148.57,234.29,571.43,1
58,2100,774.9,137.5,256.89,626.57,1
58,2101,385.71,194.29,234.29,571.43,1
58,2101,820,171.43,234.29,571.43,1
58,2102,774.29,171.43,234.29,571.43,1
58,2102,408.57,194.29,234.29,571.43,1
58,2103,408.57,217.14,234.29,571.43,1
58,2103,728.57,171.43,234.29,571.43,1
58,2104,699.61,162.5,256.89,626.57,1
58,2104,348.39,276.92,211.1,514.87,1
58,2105,705.71,171.43,234.29,571.43,1
58,2105,257.3,269.57,177.66,433.32,1
58,2106,682.86,148.57,234.29,571.43,0
58,2106,616.77,276.92,211.1,514.87,1
58,2107,574.12,137.5,256.89,626.57,1
58,2108,513.55,174.36,211.1,514.87,0
58,2108,464.86,356.52,177.66,433.32,1
58,2109,113.43,471.43,97.8,238.54,1
58,2109,389.68,194.87,211.1,514.87,1
58,2110,260,429.09,149.09,363.64,1
58,2110,334,280,164,400,1
58,2110,154.11,521.01,68.997,168.29,1
58,2111,155.79,377.46,115.24,281.08,1
58,2111,312.38,517.39,89.208,217.58,1
58,2111,223,340,82,200,0
58,2112,73.263,521.01,68.997,168.29,0
58,2112,159.5,634,41,100,1
58,2112,160.84,467.23,68.997,168.29,1
58,2112,77.279,578.26,89.208,217.58,1
58,2113,120.82,456.52,89.208,217.58,1
58,2113,282.48,519.15,58.092,141.69,1
58,2114,343,604,82,200,1
58,2114,67.027,373.91,177.66,433.32,1
58,2115,110.88,512.68,115.24,281.08,1
58,2132,1170.2,688.52,44.789,109.24,1
58,2158,762.11,512.68,115.24,281.08,1
58,2159,761.79,314.29,195.59,477.04,1
58,2159,914.55,327.27,149.09,363.64,1
58,2160,774.9,162.5,256.89,626.57,1
58,2161,781.94,297.44,211.1,514.87,1
58,2162,780.9,295.24,195.59,477.04,1
58,2163,774.9,162.5,256.89,626.57,1
58,2164,761.29,276.92,211.1,514.87,1
58,2165,740.65,276.92,211.1,514.87,0
58,2165,943.5,570,41,100,1
58,2165,681.82,429.09,149.09,363.64,1
58,2166,758.92,356.52,177.66,433.32,1
58,2166,633.5,535.06,106.6,260.01,1
58,2166,587.59,605.5,75.336,183.75,0
58,2166,591,516,82,200,0
58,2167,534.19,276.92,211.1,514.87,1
58,2167,636.67,120,273.33,666.67,0
58,2183,360.6,314.29,195.59,477.04,1
58,2184,410.32,256.41,211.1,514.87,1
58,2185,643.9,296.1,106.6,260.01,1
58,2185,607,332,82,200,0
58,2186,522.86,194.29,234.29,571.43,1
58,2186,446,280,164,400,0
58,2187,513.55,276.92,211.1,514.87,0
58,2187,410.32,276.92,211.1,514.87,1
58,2188,404.62,326.15,126.15,307.69,1
58,2188,513.55,276.92,211.1,514.87,1
58,2189,500,217.14,234.29,571.43,0
58,2189,471,492,82,200,0
58,2189,608.96,314.29,195.59,477.04,1
58,2189,446.18,337.66,106.6,260.01,0
58,2190,500,240,234.29,571.43,1
58,2190,620.54,356.52,177.66,433.32,0
58,2190,453.85,301.54,126.15,307.69,0
58,2191,522.86,217.14,234.29,571.43,1
58,2191,479.23,520,63.077,153.85,0
58,2192,395.68,321.74,177.66,433.32,1
58,2192,683.22,554.13,75.336,183.75,0
58,2192,532.54,314.29,195.59,477.04,1
58,2193,410.32,276.92,211.1,514.87,1
58,2193,647,484,82,200,0
58,2193,516.76,356.52,177.66,433.32,0
58,2194,318,408,164,400,1
58,2196,205.06,612.84,75.336,183.75,1
58,2197,128.46,593.85,63.077,153.85,1
58,2198,-1.7021,467.8,139.35,339.88,1
58,2201,174,408,164,400,1
58,2202,471.26,557.38,44.789,109.24,1
58,2202,207.76,314.29,195.59,477.04,1
58,2203,350,392,164,400,0
58,2203,224.52,297.44,211.1,514.87,1
58,2203,488.74,587.98,44.789,109.24,0
58,2204,265.07,314.29,195.59,477.04,1
58,2204,170.81,356.52,177.66,433.32,0
58,2205,236.67,146.67,273.33,666.67,1
58,2206,188.66,314.29,195.59,477.04,1
58,2207,203.87,297.44,211.1,514.87,1
58,2208,207.76,314.29,195.59,477.04,1
58,2208,302,376,164,400,0
58,2208,947.44,601.09,44.789,109.24,1
58,2209,203.87,276.92,211.1,514.87,1
58,2210,188.66,314.29,195.59,477.04,1
58,2210,311.49,454.24,139.35,339.88,1
58,2211,197.65,187.5,256.89,626.57,1
58,2212,291.89,356.52,177.66,433.32,1
58,2212,241.68,621.85,68.997,168.29,1
58,2213,274.59,339.13,177.66,433.32,1
58,2214,398.81,314.29,195.59,477.04,1
58,2215,532.54,295.24,195.59,477.04,1
58,2216,705.71,217.14,234.29,571.43,1
58,2217,935.93,522.08,53.3,130,1
58,2217,758.37,535.06,106.6,260.01,1
58,2218,723.58,295.24,195.59,477.04,1
58,2218,930.73,579.22,53.3,130,1
58,2218,963.5,546,41,100,0
58,2219,767.16,621.85,68.997,168.29,1
58,2220,720,276.92,211.1,514.87,1
58,2221,682.86,217.14,234.29,571.43,1
58,2222,637.14,217.14,234.29,571.43,1
58,2222,583.85,470.77,63.077,153.85,1
58,2223,568.57,217.14,234.29,571.43,1
58,2223,546.62,450,48.788,118.99,0
58,2224,614.29,240,234.29,571.43,1
58,2224,587.59,480.73,75.336,183.75,0
58,2225,660,240,234.29,571.43,1
58,2225,870.19,516.67,48.788,118.99,0
58,2226,660,240,234.29,571.43,1
58,2227,614.29,217.14,234.29,571.43,1
58,2227,800,410.39,106.6,260.01,0
58,2228,522.86,217.14,234.29,571.43,1
58,2229,545.71,217.14,234.29,571.43,1
58,2230,568.57,217.14,234.29,571.43,1
58,2230,782.59,413.04,89.208,217.58,1
58,2231,637.14,217.14,234.29,571.43,1
58,2231,591,532,82,200,0
58,2231,609.66,605.5,75.336,183.75,1
58,2232,689.73,356.52,177.66,433.32,1
58,2232,103.5,422,41,100,1
58,2232,154.8,535.06,106.6,260.01,1
58,2232,646.44,612.84,75.336,183.75,1
58,2232,830,464.62,63.077,153.85,0
58,2232,550.24,472.73,106.6,260.01,1
58,2233,596.13,276.92,211.1,514.87,1
58,2233,178.25,512.68,115.24,281.08,1
58,2233,516.76,356.52,177.66,433.32,0
58,2233,312.38,578.26,89.208,217.58,1
58,2233,119.5,486,41,100,1
58,2234,554.84,276.92,211.1,514.87,1
58,2234,647.16,314.29,195.59,477.04,0
58,2234,513.31,526.19,48.788,118.99,0
58,2234,216.36,414.55,149.09,363.64,1
58,2234,127,436,82,200,1
58,2234,527.58,578.57,48.788,118.99,0
58,2235,575.48,276.92,211.1,514.87,1
58,2235,108.85,426.19,48.788,118.99,1
58,2235,666.27,314.29,195.59,477.04,0
58,2235,494.33,295.24,195.59,477.04,0
58,2235,269.27,431.17,106.6,260.01,1
58,2236,616.77,276.92,211.1,514.87,1
58,2236,803.54,541.84,58.092,141.69,0
58,2236,147.45,137.5,256.89,626.57,1
58,2236,534.05,356.52,177.66,433.32,0
58,2237,596.13,276.92,211.1,514.87,1
58,2237,79.231,304.62,63.077,153.85,0
58,2237,94,392,164,400,1
58,2237,249.2,620.18,75.336,183.75,1
58,2238,616.77,276.92,211.1,514.87,1
58,2238,188.11,373.91,177.66,433.32,1
58,2238,102.07,385.32,75.336,183.75,1
58,2238,128.46,273.85,63.077,153.85,1
58,2238,800,430.43,89.208,217.58,0
58,2239,591.43,217.14,234.29,571.43,1
58,2239,169.55,333.33,195.59,477.04,1
58,2239,312.38,578.26,89.208,217.58,0
58,2239,94,392,164,400,0
58,2239,800,439.13,89.208,217.58,1
58,2240,596.13,276.92,211.1,514.87,1
58,2240,205.41,356.52,177.66,433.32,0
58,2240,110,392,164,400,1
58,2240,807,412,82,200,1
58,2241,545.71,240,234.29,571.43,1
58,2241,133.33,377.46,115.24,281.08,0
58,2241,207.76,333.33,195.59,477.04,1
58,2241,786.21,436.7,75.336,183.75,1
58,2242,551.64,333.33,195.59,477.04,1
58,2242,257.3,373.91,177.66,433.32,0
58,2242,169.55,333.33,195.59,477.04,1
58,2242,494.33,276.19,195.59,477.04,0
58,2242,466.92,526.15,63.077,153.85,0
58,2242,257.3,200,177.66,433.32,0
58,2242,101.62,373.91,177.66,433.32,0
58,2243,240,356.52,177.66,433.32,1
58,2243,144.56,366.2,115.24,281.08,0
58,2243,570.75,333.33,195.59,477.04,1
58,2243,451.61,276.92,211.1,514.87,0
58,2243,161.7,467.8,139.35,339.88,1
58,2244,500,217.14,234.29,571.43,1
58,2244,207.76,333.33,195.59,477.04,1
58,2244,138.23,386.96,89.208,217.58,1
58,2245,522.86,194.29,234.29,571.43,1
58,2245,188.66,333.33,195.59,477.04,1
58,2245,110,408,164,400,0
58,2246,454.29,217.14,234.29,571.43,0
58,2246,112.11,404.35,89.208,217.58,1
58,2246,188.11,373.91,177.66,433.32,1
58,2246,549.02,162.5,256.89,626.57,1
58,2247,431.43,217.14,234.29,571.43,0
58,2247,534.19,276.92,211.1,514.87,1
58,2247,259.5,586,41,100,1
58,2248,534.19,276.92,211.1,514.87,1
58,2248,431.43,217.14,234.29,571.43,0
58,2248,217.89,574.03,53.3,130,1
58,2249,431.43,217.14,234.29,571.43,0
58,2249,534.19,276.92,211.1,514.87,1
58,2249,215,596,82,200,0
58,2249,133.85,498.46,126.15,307.69,1
58,2250,431.43,217.14,234.29,571.43,0
58,2250,534.19,276.92,211.1,514.87,1
58,2251,431.43,240,234.29,571.43,1
58,2251,534.19,276.92,211.1,514.87,0
58,2252,454.29,240,234.29,571.43,1
58,2252,435.5,458,41,100,0
58,2253,534.19,276.92,211.1,514.87,1
58,2253,431.43,217.14,234.29,571.43,0
58,2254,431.43,217.14,234.29,571.43,0
58,2254,534.19,276.92,211.1,514.87,1
58,2255,532.54,314.29,195.59,477.04,1
58,2255,417.69,464.62,63.077,153.85,1
58,2255,474.89,454.24,139.35,339.88,1
58,2256,417.91,314.29,195.59,477.04,0
58,2256,494.33,314.29,195.59,477.04,1
58,2257,689.73,339.13,177.66,433.32,1
58,2257,532.54,314.29,195.59,477.04,1
58,2258,946.32,654.76,48.788,118.99,1
58,2308,947.5,610,41,100,1
58,2340,947.5,610,41,100,1
58,2986,947.44,609.84,44.789,109.24,1
58,3019,946.32,602.38,48.788,118.99,1
58,3042,331.47,618.58,44.789,109.24,1
58,3043,653.79,612.84,75.336,183.75,1
58,3044,542,344,164,400,1
58,3045,649.41,187.5,256.89,626.57,1
58,3046,599.22,162.5,256.89,626.57,1
58,3047,574.12,162.5,256.89,626.57,1
58,3048,477.14,194.29,234.29,571.43,1
58,3049,423.53,162.5,256.89,626.57,1
58,3050,454.29,171.43,234.29,571.43,1
58,3050,226.87,314.29,195.59,477.04,1
58,3051,473.73,137.5,256.89,626.57,1
58,3052,534.05,182.61,177.66,433.32,1
58,3052,484.6,275.23,75.336,183.75,0
58,3052,626.15,166.15,126.15,307.69,0
58,3053,430.97,174.36,211.1,514.87,0
58,3053,340,217.14,234.29,571.43,1
58,3054,389.68,174.36,211.1,514.87,0
58,3054,271.43,240,234.29,571.43,1
58,3055,373.33,137.5,256.89,626.57,1
58,3055,203.87,276.92,211.1,514.87,1
58,3056,451.61,174.36,211.1,514.87,1
58,3056,188.66,333.33,195.59,477.04,1
58,3057,492.9,174.36,211.1,514.87,1
58,3057,188.11,356.52,177.66,433.32,1
58,3058,522.86,194.29,234.29,571.43,1
58,3058,478.18,167.27,149.09,363.64,0
58,3059,522.86,194.29,234.29,571.43,1
58,3059,147.45,162.5,256.89,626.57,1
58,3060,522.86,194.29,234.29,571.43,1
58,3060,156.67,120,273.33,666.67,1
58,3061,522.86,194.29,234.29,571.43,1
58,3061,162.58,256.41,211.1,514.87,1
58,3062,545.71,194.29,234.29,571.43,1
58,3062,202.86,217.14,234.29,571.43,1
58,3063,545.71,194.29,234.29,571.43,1
58,3063,202.86,217.14,234.29,571.43,1
58,3063,947.5,610,41,100,1
58,3064,568.57,194.29,234.29,571.43,1
58,3064,207.76,314.29,195.59,477.04,1
58,3064,153.51,234.78,177.66,433.32,0
58,3065,599.22,162.5,256.89,626.57,1
58,3065,188.11,356.52,177.66,433.32,1
58,3065,112.24,238.1,195.59,477.04,0
58,3066,591.43,194.29,234.29,571.43,1
58,3066,157.14,217.14,234.29,571.43,1
58,3067,202.86,217.14,234.29,571.43,1
58,3067,568.57,217.14,234.29,571.43,1
58,3068,180,217.14,234.29,571.43,0
58,3068,783.64,341.82,149.09,363.64,1
58,3068,309.19,356.52,177.66,433.32,1
58,3068,639.35,667.53,53.3,130,1
58,3069,141.94,276.92,211.1,514.87,1
58,3069,290.53,512.68,115.24,281.08,1
58,3069,941.75,512.68,115.24,281.08,1
58,3070,183.23,276.92,211.1,514.87,1
58,3070,1060,429.09,149.09,363.64,1
58,3070,366.42,627.32,44.789,109.24,0
58,3071,207.76,314.29,195.59,477.04,1
58,3071,383.16,621.85,68.997,168.29,1
58,3072,114.55,429.09,149.09,363.64,1
58,3072,352.24,557.14,97.8,238.54,1
58,3073,251.6,678.57,48.788,118.99,1
58,3073,161.19,557.14,97.8,238.54,1
58,3125,947.5,606,41,100,1
58,3272,1000.3,578.26,89.208,217.58,1
58,3273,729.91,598.58,58.092,141.69,1
58,3277,333.13,557.14,97.8,238.54,1
58,3278,120.82,569.57,89.208,217.58,1
58,3281,720.27,574.86,44.789,109.24,1
58,3281,836.15,236.92,63.077,153.85,1
58,3282,706.38,454.24,139.35,339.88,1
58,3284,637.42,276.92,211.1,514.87,1
58,3284,835.5,438,41,100,0
58,3285,603.24,356.52,177.66,433.32,1
58,3286,478.18,341.82,149.09,363.64,1
58,3287,356.15,286.15,63.077,153.85,1
58,3288,274.59,321.74,177.66,433.32,0
58,3288,326.49,373.91,177.66,433.32,1
58,3289,201.82,429.09,149.09,363.64,1
58,3290,29.919,545.45,106.6,260.01,1
58,3302,452.03,631.17,53.3,130,1
58,3302,207.76,333.33,195.59,477.04,1
58,3303,385.71,217.14,234.29,571.43,1
58,3304,523.92,187.5,256.89,626.57,1
58,3305,624.31,137.5,256.89,626.57,1
58,3305,52.766,454.24,139.35,339.88,1
58,3306,749.8,137.5,256.89,626.57,1
58,3306,222,376,164,400,1
58,3307,327.74,297.44,211.1,514.87,1
58,3307,820,125.71,234.29,571.43,1
58,3307,786.92,280,63.077,153.85,0
58,3307,904.72,620.78,53.3,130,1
58,3308,347.21,430.43,89.208,217.58,0
58,3308,797.14,171.43,234.29,571.43,1
58,3308,398,392,164,400,1
58,3308,306.34,428.57,53.3,130,1
58,3308,366.9,524.77,75.336,183.75,0
58,3308,12.56,369.4,44.789,109.24,1
58,3308,54.737,512.68,115.24,281.08,1
58,3309,774.29,102.86,234.29,571.43,1
58,3309,331.54,643.08,63.077,153.85,1
58,3309,425.58,560.87,89.208,217.58,1
58,3309,297.87,277.97,139.35,339.88,1
58,3309,119.5,354,41,100,1
58,3309,158.46,486.15,126.15,307.69,1
58,3309,419.1,357.14,97.8,238.54,0
58,3310,699.35,112.82,211.1,514.87,1
58,3310,311.49,237.29,139.35,339.88,0
58,3310,442.31,624.62,63.077,153.85,1
58,3310,360.6,238.1,195.59,477.04,0
58,3310,183.5,306,41,100,1
58,3310,129.09,429.09,149.09,363.64,1
58,3310,127.5,362,41,100,0
58,3311,658.06,92.308,211.1,514.87,1
58,3311,341.49,219.05,195.59,477.04,1
58,3311,452.03,620.78,53.3,130,1
58,3312,616.77,92.308,211.1,514.87,1
58,3312,322.39,219.05,195.59,477.04,1
58,3312,249.11,667.53,53.3,130,1
58,3312,73.077,643.08,63.077,153.85,1
58,3312,196.15,606.15,63.077,153.85,1
58,3312,108.62,662.34,53.3,130,0
58,3312,446.69,635.71,48.788,118.99,1
58,3313,570.75,85.714,195.59,477.04,1
58,3313,294.29,217.14,234.29,571.43,1
58,3313,164.35,578.26,89.208,217.58,1
58,3314,348.39,276.92,211.1,514.87,1
58,3314,570.75,104.76,195.59,477.04,1
58,3314,217.88,544.26,44.789,109.24,1
58,3315,398.81,314.29,195.59,477.04,1
58,3315,551.64,85.714,195.59,477.04,1
58,3315,543,588,82,200,0
58,3315,564.9,491.3,89.208,217.58,0
58,3315,947.44,605.46,44.789,109.24,1
58,3316,447.57,356.52,177.66,433.32,1
58,3316,570.75,85.714,195.59,477.04,1
58,3316,215.5,698,41,100,1
58,3316,244.1,557.38,44.789,109.24,0
58,3316,415.61,522.08,53.3,130,0
58,3316,550.91,414.55,149.09,363.64,0
58,3316,214.51,575.89,58.092,141.69,0
58,3316,107.5,254,41,100,1
58,3316,261.57,570.49,44.789,109.24,0
58,3317,462,392,164,400,1
58,3317,585.95,78.261,177.66,433.32,1
58,3317,659.5,702,41,100,1
58,3317,37.015,557.14,97.8,238.54,1
58,3317,426.02,594.81,53.3,130,0
58,3317,663.85,600,63.077,153.85,1
58,3318,589.85,85.714,195.59,477.04,1
58,3318,190.34,612.84,75.336,183.75,1
58,3318,486.53,578.26,89.208,217.58,1
58,3318,707.5,698,41,100,1
58,3318,35.862,267.89,75.336,183.75,1
58,3319,589.85,85.714,195.59,477.04,1
58,3319,190,643.08,63.077,153.85,1
58,3319,237.32,578.57,48.788,118.99,1
58,3320,589.85,85.714,195.59,477.04,0
58,3320,183.85,643.08,63.077,153.85,1
58,3320,232.57,569.05,48.788,118.99,0
58,3320,252.83,579.23,44.789,109.24,1
58,3320,534.05,165.22,177.66,433.32,1
58,3321,570.75,85.714,195.59,477.04,1
58,3321,232.57,573.81,48.788,118.99,1
58,3321,187.79,628.57,68.997,168.29,1
58,3322,570.75,85.714,195.59,477.04,1
58,3322,232.57,573.81,48.788,118.99,0
58,3322,173.06,586.96,89.208,217.58,1
58,3322,129.43,667.53,53.3,130,1
58,3323,589.85,85.714,195.59,477.04,0
58,3323,237.32,564.29,48.788,118.99,1
58,3323,77.398,667.53,53.3,130,1
58,3323,532.54,142.86,195.59,477.04,1
58,3324,570.75,85.714,195.59,477.04,1
58,3324,77.398,667.53,53.3,130,1
58,3325,570.75,85.714,195.59,477.04,1
58,3325,237.32,578.57,48.788,118.99,0
58,3325,173.06,578.26,89.208,217.58,1
58,3326,551.64,85.714,195.59,477.04,1
58,3326,223.05,559.52,48.788,118.99,0
58,3326,175,596,82,200,1
58,3327,534.19,92.308,211.1,514.87,1
58,3327,182.99,612.84,75.336,183.75,1
58,3328,532.54,104.76,195.59,477.04,1
58,3328,175.63,612.84,75.336,183.75,1
58,3328,620.77,483.08,63.077,153.85,1
58,3329,532.54,104.76,195.59,477.04,1
58,3329,618.95,473.95,68.997,168.29,1
58,3329,222.25,561.75,44.789,109.24,1
58,3329,137.4,669.05,48.788,118.99,1
58,3329,79.231,280,63.077,153.85,1
58,3330,513.55,112.82,211.1,514.87,1
58,3330,175.61,535.06,106.6,260.01,1
58,3331,451.61,133.33,211.1,514.87,1
58,3331,187.79,628.57,68.997,168.29,1
58,3331,232.57,569.05,48.788,118.99,1
58,3331,515.5,590,41,100,1
58,3332,431.43,125.71,234.29,571.43,1
58,3332,181.77,578.26,89.208,217.58,1
58,3333,454.29,125.71,234.29,571.43,1
58,3333,183,596,82,200,1
58,3333,128.46,643.08,63.077,153.85,1
58,3334,477.14,125.71,234.29,571.43,0
58,3334,183,604,82,200,1
58,3334,385.71,217.14,234.29,571.43,1
58,3335,454.29,125.71,234.29,571.43,1
58,3335,183,604,82,200,1
58,3336,454.29,125.71,234.29,571.43,1
58,3336,182.99,605.5,75.336,183.75,1
58,3337,454.29,125.71,234.29,571.43,1
58,3337,191,596,82,200,1
58,3337,-1.4035,512.68,115.24,281.08,1
58,3338,451.61,133.33,211.1,514.87,1
58,3338,226.62,570.49,44.789,109.24,1
58,3338,174.2,688.52,44.789,109.24,1
58,3339,475.22,123.81,195.59,477.04,1
58,3340,450,120,273.33,666.67,1
58,3340,91.5,422,41,100,1
58,3340,161.7,454.24,139.35,339.88,1
58,3341,450,120,273.33,666.67,1
58,3341,263.85,643.08,63.077,153.85,1
58,3341,688.46,643.08,63.077,153.85,1
58,3341,947.5,610,41,100,1
58,3341,756.15,643.08,63.077,153.85,1
58,3342,450,120,273.33,666.67,1
58,3342,731.5,670,41,100,1
58,3342,251.54,649.23,63.077,153.85,1
58,3343,476.67,120,273.33,666.67,1
58,3343,249.2,612.84,75.336,183.75,1
58,3343,64.983,439.34,44.789,109.24,1
58,3344,450,120,273.33,666.67,1
58,3344,300.89,544.26,44.789,109.24,1
58,3344,207.48,667.53,53.3,130,0
58,3344,735.5,674,41,100,1
58,3344,238.7,667.53,53.3,130,1
58,3345,470.48,250,48.788,118.99,0
58,3345,233.5,667.53,53.3,130,1
58,3345,270.31,539.89,44.789,109.24,1
58,3345,752.57,649.65,58.092,141.69,1
58,3345,208.85,655.32,58.092,141.69,0
58,3345,522.83,678.57,48.788,118.99,1
58,3345,494.33,180.95,195.59,477.04,1
58,3346,396.67,120,273.33,666.67,1
58,3346,189.85,557.14,97.8,238.54,1
58,3346,727.5,698,41,100,1
58,3347,370,120,273.33,666.67,1
58,3347,646.44,612.84,75.336,183.75,1
58,3347,296.52,531.15,44.789,109.24,1
58,3347,207,596,82,200,1
58,3347,139.5,242,41,100,1
58,3348,593.58,688.52,44.789,109.24,1
58,3348,412.97,356.52,177.66,433.32,1
58,3348,100.65,297.44,211.1,514.87,1
58,3348,379.7,142.86,195.59,477.04,0
58,3349,370,120,273.33,666.67,1
58,3349,227.81,678.57,48.788,118.99,0
58,3349,294.93,519.05,97.8,238.54,0
58,3349,612.68,535.06,106.6,260.01,1
58,3349,161.19,566.67,97.8,238.54,1
58,3349,151.5,234,41,100,1
58,3349,256.72,557.14,97.8,238.54,0
58,3349,947.5,610,41,100,1
58,3350,396.67,120,273.33,666.67,1
58,3350,220.77,643.08,63.077,153.85,1
58,3350,625.68,628.57,68.997,168.29,1
58,3350,261.89,621.85,68.997,168.29,1
58,3351,423.33,120,273.33,666.67,1
58,3351,220,486.15,126.15,307.69,1
58,3351,290.08,524.68,106.6,260.01,0
58,3351,62,344,164,400,1
58,3352,423.33,120,273.33,666.67,1
58,3352,380,486.15,126.15,307.69,1
58,3352,227.64,535.06,106.6,260.01,1
58,3352,175.5,234,41,100,1
58,3352,167.5,694,41,100,1
58,3352,79.5,390,41,100,1
58,3353,423.33,120,273.33,666.67,1
58,3353,183.33,120,273.33,666.67,1
58,3354,396.67,120,273.33,666.67,1
58,3354,202.28,667.53,53.3,130,1
58,3354,269.23,473.85,126.15,307.69,1
58,3355,423.33,120,273.33,666.67,1
58,3355,232.57,673.81,48.788,118.99,1
58,3355,356.15,612.31,63.077,153.85,0
58,3355,269.23,473.85,126.15,307.69,1
58,3356,423.33,120,273.33,666.67,1
58,3356,175,596,82,200,1
58,3356,64.983,692.9,44.789,109.24,1
58,3356,947.5,610,41,100,1
58,3357,423.33,120,273.33,666.67,1
58,3357,182.99,612.84,75.336,183.75,1
58,3357,279.67,535.06,106.6,260.01,1
58,3357,46,392,164,400,1
58,3358,396.67,120,273.33,666.67,1
58,3358,88.571,240,234.29,571.43,1
58,3358,285.37,557.14,97.8,238.54,0
58,3358,16.716,333.33,195.59,477.04,0
58,3359,396.67,120,273.33,666.67,1
58,3359,35.772,646.75,53.3,130,1
58,3359,183.33,120,273.33,666.67,1
58,3360,396.67,120,273.33,666.67,1
58,3360,11.915,454.24,139.35,339.88,1
58,3360,231.5,649.65,58.092,141.69,1
58,3361,423.33,120,273.33,666.67,1
58,3361,65.714,217.14,234.29,571.43,1
58,3361,374.62,636.92,63.077,153.85,1
58,3362,396.67,120,273.33,666.67,1
58,3362,-1.8182,429.09,149.09,363.64,1
58,3362,49.73,356.52,177.66,433.32,0
58,3362,183.33,120,273.33,666.67,0
58,3363,423.33,120,273.33,666.67,1
58,3363,111.43,240,234.29,571.43,1
58,3364,423.33,120,273.33,666.67,1
58,3364,111.43,217.14,234.29,571.43,1
58,3364,50.575,612.84,75.336,183.75,1
58,3365,396.67,120,273.33,666.67,1
58,3365,134.29,240,234.29,571.43,1
58,3365,36.154,612.31,63.077,153.85,1
58,3366,423.33,120,273.33,666.67,1
58,3366,23.846,636.92,63.077,153.85,1
58,3366,183.33,120,273.33,666.67,1
58,3367,423.33,120,273.33,666.67,1
58,3367,162.58,276.92,211.1,514.87,1
58,3367,80,467.8,139.35,339.88,1
58,3368,396.67,120,273.33,666.67,1
58,3368,111.43,217.14,234.29,571.43,1
58,3368,30,643.08,63.077,153.85,1
58,3369,398.43,162.5,256.89,626.57,1
58,3369,366.42,526.78,44.789,109.24,0
58,3369,111.43,217.14,234.29,571.43,1
58,3369,645.89,581.51,68.997,168.29,1
58,3369,285.37,538.1,97.8,238.54,0
58,3370,450,120,273.33,666.67,1
58,3370,157.14,217.14,234.29,571.43,1
58,3370,85.455,429.09,149.09,363.64,1
58,3370,675.86,444.04,75.336,183.75,0
58,3371,492.9,194.87,211.1,514.87,1
58,3371,157.14,217.14,234.29,571.43,1
58,3371,587.59,605.5,75.336,183.75,1
58,3371,43.5,570,41,100,1
58,3372,574,376,164,400,1
58,3372,711.54,456.83,44.789,109.24,0
58,3372,49.73,339.13,177.66,433.32,0
58,3372,134.29,217.14,234.29,571.43,1
58,3372,456.12,123.81,195.59,477.04,1
58,3372,523.69,574.86,44.789,109.24,1
58,3372,359.5,514,41,100,1
58,3373,596.13,276.92,211.1,514.87,1
58,3373,49.73,339.13,177.66,433.32,1
58,3373,517.89,521.01,68.997,168.29,1
58,3373,191,596,82,200,1
58,3373,451.61,112.82,211.1,514.87,1
58,3373,269.23,473.85,126.15,307.69,1
58,3373,947.5,610,41,100,1
58,3373,187.5,218,41,100,1
58,3373,252.83,662.3,44.789,109.24,0
58,3374,620.54,356.52,177.66,433.32,1
58,3374,49.73,339.13,177.66,433.32,1
58,3374,451.61,133.33,211.1,514.87,1
58,3374,183.33,120,273.33,666.67,1
58,3374,946.32,602.38,48.788,118.99,1
58,3375,620.54,356.52,177.66,433.32,1
58,3375,451.61,133.33,211.1,514.87,1
58,3375,32.432,356.52,177.66,433.32,1
58,3375,134.29,217.14,234.29,571.43,1
58,3375,355.5,514,41,100,0
58,3375,351.5,558,41,100,0
58,3376,616.77,276.92,211.1,514.87,1
58,3376,454.29,125.71,234.29,571.43,1
58,3376,157.14,217.14,234.29,571.43,1
58,3376,27.273,429.09,149.09,363.64,1
58,3377,638,392,164,400,1
58,3377,475.22,200,195.59,477.04,1
58,3377,157.14,217.14,234.29,571.43,1
58,3377,94,392,164,400,1
58,3377,670,312,164,400,0
58,3378,616.77,276.92,211.1,514.87,1
58,3378,147.45,187.5,256.89,626.57,1
58,3378,454.29,125.71,234.29,571.43,1
58,3378,49.73,356.52,177.66,433.32,0
58,3378,359.54,458.72,75.336,183.75,0
58,3378,947.5,610,41,100,1
58,3379,637.84,356.52,177.66,433.32,1
58,3379,454.29,125.71,234.29,571.43,1
58,3379,134.29,217.14,234.29,571.43,1
58,3379,32.432,321.74,177.66,433.32,0
58,3379,351.52,507.14,48.788,118.99,0
58,3380,596.13,256.41,211.1,514.87,1
58,3380,454.29,125.71,234.29,571.43,0
58,3380,88.571,217.14,234.29,571.43,1
58,3380,331.47,531.15,44.789,109.24,0
58,3380,279,548,82,200,0
58,3381,655.14,356.52,177.66,433.32,1
58,3381,454.29,125.71,234.29,571.43,0
58,3381,589.85,257.14,195.59,477.04,0
58,3381,318.36,544.26,44.789,109.24,1
58,3381,205.06,612.84,75.336,183.75,1
58,3382,549.02,162.5,256.89,626.57,1
58,3382,454.29,125.71,234.29,571.43,0
58,3382,199.4,557.14,97.8,238.54,1
58,3383,596.13,256.41,211.1,514.87,1
58,3383,431.43,125.71,234.29,571.43,1
58,3383,947.5,610,41,100,1
58,3383,172.55,137.5,256.89,626.57,1
58,3384,596.13,276.92,211.1,514.87,1
58,3384,450,120,273.33,666.67,0
58,3384,188.94,454.24,139.35,339.88,1
58,3384,130.51,246.99,44.789,109.24,1
58,3385,596.13,276.92,211.1,514.87,1
58,3385,431.43,125.71,234.29,571.43,1
58,3385,176.26,662.34,53.3,130,1
58,3385,207.48,615.58,53.3,130,0
58,3385,242.08,616.67,48.788,118.99,0
58,3386,431.43,125.71,234.29,571.43,1
58,3386,637.42,276.92,211.1,514.87,1
58,3386,799,492,82,200,0
58,3386,183.33,120,273.33,666.67,1
58,3386,146.21,620.18,75.336,183.75,1
58,3387,431.43,125.71,234.29,571.43,1
58,3387,361.04,535.71,48.788,118.99,0
58,3387,724.62,486.15,126.15,307.69,1
58,3387,828.11,339.13,177.66,433.32,1
58,3387,157.14,240,234.29,571.43,1
58,3388,454.29,148.57,234.29,571.43,1
58,3388,389.59,569.05,48.788,118.99,1
58,3388,64.983,688.52,44.789,109.24,1
58,3388,1235.5,462,41,100,1
58,3389,503.33,120,273.33,666.67,1
58,3389,191.87,303.9,53.3,130,1
58,3389,460.41,482.61,89.208,217.58,0
58,3390,542,168,164,400,1
58,3390,413.38,483.33,48.788,118.99,1
58,3390,860.77,556.92,63.077,153.85,1
58,3390,660.68,265.22,89.208,217.58,0
58,3391,705.67,557.14,97.8,238.54,1
58,3391,606.69,557.38,44.789,109.24,1
58,3391,696.12,290.48,97.8,238.54,1
58,3391,1157.9,628.57,68.997,168.29,1
58,3391,587.59,436.7,75.336,183.75,1
58,3392,608.96,314.29,195.59,477.04,1
58,3392,916.15,643.08,63.077,153.85,1
58,3392,563,430.6,44.789,109.24,1
58,3392,808.71,334.78,89.208,217.58,1
58,3393,643.27,456.52,89.208,217.58,1
58,3393,774.9,162.5,256.89,626.57,1
58,3393,960.55,89.617,44.789,109.24,0
58,3394,735,532,82,200,1
58,3394,949.19,356.52,177.66,433.32,1
58,3395,1162.3,643.08,63.077,153.85,1
58,3549,933.33,605.5,75.336,183.75,1
58,3549,1020.9,557.14,97.8,238.54,1
58,3550,927.29,678.57,48.788,118.99,1
58,3553,749.8,162.5,256.89,626.57,1
58,3554,616.77,276.92,211.1,514.87,1
58,3555,492.9,276.92,211.1,514.87,1
58,3556,967.5,62,41,100,1
58,3556,327.74,276.92,211.1,514.87,1
58,3556,1009,276.92,211.1,514.87,1
58,3559,986.67,512.68,115.24,281.08,1
58,3560,807,564,82,200,1
58,3560,576.92,301.54,126.15,307.69,1
58,3561,398,392,164,400,1
58,3563,491.54,643.08,63.077,153.85,1
58,3564,331.54,643.08,63.077,153.85,1
58,3564,389.59,620.78,53.3,130,1
58,3565,170.71,588.1,48.788,118.99,1
58,3578,370.78,688.52,44.789,109.24,1
58,3579,348.39,276.92,211.1,514.87,1
58,3579,607,604,82,200,1
58,3579,834.83,578.26,89.208,217.58,1
58,3580,624.31,162.5,256.89,626.57,1
58,3580,927,596,82,200,1
58,3581,751.43,240,234.29,571.43,1
58,3581,933.85,486.15,126.15,307.69,0
58,3582,751.43,240,234.29,571.43,1
58,3582,885.16,112.82,211.1,514.87,0
58,3583,143.5,698,41,100,1
58,3583,887,596,82,200,1
58,3583,19.368,366.39,68.997,168.29,1
58,3583,926,392,164,400,1
58,3583,930.61,100,89.208,217.58,1
58,3584,857.31,314.29,195.59,477.04,1
58,3584,964.91,142.08,44.789,109.24,1
58,3584,49.73,356.52,177.66,433.32,1
58,3585,924.26,454.24,139.35,339.88,0
58,3585,131.34,314.29,195.59,477.04,1
58,3585,869.79,454.24,139.35,339.88,1
58,3586,770,120,273.33,666.67,1
58,3586,172.73,327.27,149.09,363.64,1
58,3587,150.45,238.1,195.59,477.04,0
58,3587,222.7,356.52,177.66,433.32,1
58,3588,800,162.5,256.89,626.57,0
58,3588,174,392,164,400,1
58,3588,682.86,240,234.29,571.43,1
58,3588,100,414.55,149.09,363.64,0
58,3589,690,120,273.33,666.67,1
58,3589,201.82,429.09,149.09,363.64,0
58,3589,120.85,467.8,139.35,339.88,1
58,3589,329.8,578.26,89.208,217.58,1
58,3590,674.51,162.5,256.89,626.57,1
58,3590,220,486.15,126.15,307.69,1
58,3590,916.86,596.72,44.789,109.24,0
58,3590,970.11,612.84,75.336,183.75,1
58,3590,440.46,620.18,75.336,183.75,1
58,3591,699.61,187.5,256.89,626.57,1
58,3591,1117.8,618.58,44.789,109.24,1
58,3591,383.16,621.85,68.997,168.29,1
58,3592,911.26,480.73,75.336,183.75,1
58,3685,947.44,605.46,44.789,109.24,1
