56,8,494.33,314.29,195.59,477.04,1
56,10,663.33,120,273.33,666.67,0
56,11,813.09,92.857,48.788,118.99,1
56,11,664.72,192.21,106.6,260.01,1
56,11,724.32,356.52,177.66,433.32,1
56,12,710.7,44.444,304.61,742.94,0
56,13,687.69,153.85,126.15,307.69,1
56,14,687.69,153.85,126.15,307.69,1
56,15,687.69,153.85,126.15,307.69,1
56,16,692.77,142.37,139.35,339.88,1
56,38,67.5,74,41,100,1
56,184,67.5,74,41,100,1
56,257,727,140,82,200,1
56,258,663.33,120,273.33,666.67,1
56,258,862.7,356.52,177.66,433.32,1
56,259,710.7,44.444,304.61,742.94,1
56,260,687.69,153.85,126.15,307.69,1
56,261,687.69,153.85,126.15,307.69,1
56,262,687.69,153.85,126.15,307.69,1
56,263,687.69,153.85,126.15,307.69,1
56,282,67.5,74,41,100,1
56,300,67.5,74,41,100,1
56,316,67.5,74,41,100,1
56,320,67.5,74,41,100,1
56,359,67.5,74,41,100,1
56,370,63.5,74,41,100,1
56,382,35.5,90,41,100,1
56,434,743,132,82,200,1
56,435,663.33,120,273.33,666.67,1
56,436,740.47,44.444,304.61,742.94,1
56,437,692.77,142.37,139.35,339.88,0
56,437,650.77,203.08,126.15,307.69,1
56,438,687.69,153.85,126.15,307.69,1
56,439,700,166.15,126.15,307.69,1
56,439,800,162.5,256.89,626.57,1
56,440,692.77,142.37,139.35,339.88,1
56,441,739.5,446,41,100,1
56,449,67.5,74,41,100,1
56,450,183.85,600,63.077,153.85,1
56,451,429.23,486.15,126.15,307.69,1
56,452,519.02,535.06,106.6,260.01,1
56,453,678.71,133.33,211.1,514.87,1
56,454,716.67,120,273.33,666.67,1
56,455,839.5,358,41,100,1
56,456,687.69,153.85,126.15,307.69,1
56,456,67.5,74,41,100,1
56,456,904.49,30.435,89.208,217.58,1
56,457,687.69,153.85,126.15,307.69,1
56,457,817.69,138.46,63.077,153.85,1
56,458,687.69,153.85,126.15,307.69,1
56,459,681.82,138.18,149.09,363.64,1
56,460,758.23,400,58.092,141.69,1
56,466,67.5,74,41,100,1
56,474,67.5,74,41,100,1
56,506,63.5,74,41,100,1
56,506,259.82,655.32,58.092,141.69,1
56,506,27.611,655.32,58.092,141.69,1
56,515,629.25,557.14,97.8,238.54,1
56,516,223,596,82,200,1
56,517,199,596,82,200,1
56,521,576.92,363.08,126.15,307.69,1
56,522,743.33,120,273.33,666.67,1
56,523,740.47,14.815,304.61,742.94,1
56,523,67.5,74,41,100,1
56,524,692.77,142.37,139.35,339.88,1
56,524,800,14.815,304.61,742.94,1
56,525,692.77,142.37,139.35,339.88,1
56,526,746.48,430.6,44.789,109.24,1
56,533,63.5,74,41,100,1
56,540,67.5,74,41,100,1
56,592,497.68,628.57,68.997,168.29,1
56,630,1094.6,452.31,63.077,153.85,1
56,631,219.77,576.15,75.336,183.75,1
56,637,67.5,74,41,100,1
56,658,100.21,635.29,68.997,168.29,1
56,661,565.45,429.09,149.09,363.64,1
56,662,637.14,240,234.29,571.43,1
56,662,895.02,456.83,44.789,109.24,1
56,663,663.33,146.67,273.33,666.67,1
56,664,749.8,112.5,256.89,626.57,1
56,664,696.36,152.73,149.09,363.64,0
56,665,887.07,91.304,89.208,217.58,1
56,665,687.69,153.85,126.15,307.69,1
56,666,687.69,153.85,126.15,307.69,1
56,667,692.77,142.37,139.35,339.88,1
56,681,540,473.85,126.15,307.69,1
56,682,494.33,295.24,195.59,477.04,1
56,683,67.5,74,41,100,1
56,684,573.61,300,89.208,217.58,1
56,685,599.22,162.5,256.89,626.57,1
56,686,610,120,273.33,666.67,1
56,687,663.33,93.333,273.33,666.67,1
56,688,672.28,185.92,115.24,281.08,1
56,688,800,482.61,89.208,217.58,1
56,707,67.5,74,41,100,1
56,711,703.64,192.86,48.788,118.99,1
56,712,583.33,146.67,273.33,666.67,1
56,712,836.15,267.69,63.077,153.85,0
56,713,663.33,120,273.33,666.67,1
56,714,710.7,14.815,304.61,742.94,1
56,715,700,166.15,126.15,307.69,0
56,715,770,120,273.33,666.67,1
56,716,692.77,142.37,139.35,339.88,1
56,717,746.48,430.6,44.789,109.24,1
56,758,67.5,74,41,100,1
56,804,67.5,74,41,100,1
56,849,67.5,74,41,100,1
56,851,35.5,90,41,100,1
56,853,63.5,74,41,100,1
56,855,67.5,74,41,100,1
56,893,766,376,164,400,1
56,893,759,124,82,200,1
56,895,686.32,191.6,68.997,168.29,0
56,895,667.61,224.11,58.092,141.69,1
56,895,879.23,378.46,63.077,153.85,1
56,896,687.69,153.85,126.15,307.69,1
56,896,787.5,698,41,100,1
56,903,67.5,74,41,100,1
56,908,475.22,314.29,195.59,477.04,1
56,942,67.5,74,41,100,1
56,983,63.5,74,41,100,1
56,1008,35.5,90,41,100,1
56,1010,710.91,167.27,149.09,363.64,1
56,1010,650.77,190.77,126.15,307.69,0
56,1011,724.71,162.5,256.89,626.57,1
56,1011,682.31,193.85,63.077,153.85,0
56,1012,636.67,120,273.33,666.67,1
56,1013,733.62,250.85,139.35,339.88,1
56,1013,633.5,306.49,106.6,260.01,1
56,1014,747.23,291.53,139.35,339.88,1
56,1014,633.5,316.88,106.6,260.01,1
56,1015,770,120,273.33,666.67,1
56,1015,532.54,333.33,195.59,477.04,1
56,1015,698.88,188.1,48.788,118.99,1
56,1016,724.71,187.5,256.89,626.57,1
56,1016,451.7,447.83,89.208,217.58,1
56,1016,622,392,164,400,0
56,1016,558,392,164,400,1
56,1017,521.38,620.18,75.336,183.75,1
56,1017,856.36,385.45,149.09,363.64,0
56,1017,823.08,498.46,126.15,307.69,0
56,1017,660,240,234.29,571.43,1
56,1018,624.31,112.5,256.89,626.57,1
56,1019,687.69,153.85,126.15,307.69,1
56,1020,565.52,605.5,75.336,183.75,1
56,1021,255,556,82,200,1
56,1021,159,596,82,200,1
56,1023,8.3582,547.62,97.8,238.54,1
56,1076,67.5,74,41,100,1
56,1078,67.5,74,41,100,1
56,1118,724.78,166.67,97.8,238.54,1
56,1119,636.67,120,273.33,666.67,1
56,1120,770.23,14.815,304.61,742.94,1
56,1120,674.51,112.5,256.89,626.57,0
56,1121,692.77,142.37,139.35,339.88,1
56,1122,687.69,153.85,126.15,307.69,1
56,1123,692.77,142.37,139.35,339.88,1
56,1145,67.5,74,41,100,1
56,1156,67.5,74,41,100,1
56,1179,67.5,74,41,100,1
56,1230,67.5,74,41,100,1
56,1245,542.98,440.68,139.35,339.88,1
56,1246,860.67,559.52,48.788,118.99,1
56,1247,651.16,74.074,304.61,742.94,1
56,1248,710.7,14.815,304.61,742.94,1
56,1248,661.05,197.18,115.24,281.08,0
56,1249,692.77,142.37,139.35,339.88,1
56,1249,838.21,85.714,195.59,477.04,1
56,1250,687.69,153.85,126.15,307.69,1
56,1251,687.69,153.85,126.15,307.69,1
56,1252,692.77,142.37,139.35,339.88,1
56,1253,67.5,74,41,100,1
56,1292,67.5,74,41,100,1
56,1299,67.5,74,41,100,1
56,1388,67.5,74,41,100,1
56,1389,67.5,74,41,100,1
56,1402,67.5,74,41,100,1
56,1440,67.5,74,41,100,1
56,1528,503.33,120,273.33,666.67,1
56,1529,690,120,273.33,666.67,1
56,1530,740.47,44.444,304.61,742.94,1
56,1531,692.77,142.37,139.35,339.88,1
56,1531,854.62,144.62,63.077,153.85,1
56,1532,700,166.15,126.15,307.69,1
56,1532,895.16,379.83,68.997,168.29,1
56,1533,692.77,142.37,139.35,339.88,1
56,1533,67.5,74,41,100,1
56,1534,747.5,438,41,100,1
56,1537,67.5,74,41,100,1
56,1566,35.5,90,41,100,1
56,1617,175.63,612.84,75.336,183.75,1
56,1618,446.18,472.73,106.6,260.01,1
56,1619,652.73,443.64,149.09,363.64,1
56,1620,663.33,120,273.33,666.67,1
56,1621,683.22,187.16,75.336,183.75,0
56,1621,723.58,85.714,195.59,477.04,1
56,1622,743.33,120,273.33,666.67,1
56,1622,681.82,138.18,149.09,363.64,0
56,1623,687.69,153.85,126.15,307.69,1
56,1624,687.69,153.85,126.15,307.69,1
56,1625,687.69,153.85,126.15,307.69,1
56,1658,63.5,74,41,100,1
56,1701,67.5,74,41,100,1
56,1711,67.5,74,41,100,1
56,1733,60.769,649.23,63.077,153.85,1
56,1754,1081.5,486.15,126.15,307.69,1
56,1769,63.5,74,41,100,1
56,1787,35.5,90,41,100,1
56,1801,697.93,194.5,75.336,183.75,0
56,1801,724.78,157.14,97.8,238.54,1
56,1801,836.15,396.92,63.077,153.85,1
56,1801,633.08,218.46,63.077,153.85,1
56,1802,636.67,120,273.33,666.67,1
56,1803,710.7,44.444,304.61,742.94,1
56,1804,692.77,142.37,139.35,339.88,1
56,1804,860.77,378.46,63.077,153.85,1
56,1805,692.77,142.37,139.35,339.88,1
56,1806,711.5,334,41,100,1
56,1813,35.5,90,41,100,1
56,1822,63.5,74,41,100,1
56,1828,67.5,74,41,100,1
56,1832,63.5,74,41,100,1
56,1934,67.5,74,41,100,1
56,1979,663.33,120,273.33,666.67,1
56,1979,67.5,74,41,100,1
56,1979,38.771,684.15,44.789,109.24,1
56,1980,674.51,187.5,256.89,626.57,1
56,1981,609.09,341.82,149.09,363.64,1
56,1982,672.43,356.52,177.66,433.32,1
56,1983,692.77,142.37,139.35,339.88,1
56,1984,687.69,153.85,126.15,307.69,1
56,2000,67.5,74,41,100,1
56,2012,692.77,142.37,139.35,339.88,0
56,2012,743.33,120,273.33,666.67,1
56,2013,743.33,120,273.33,666.67,1
56,2014,663.33,120,273.33,666.67,1
56,2015,842.86,125.71,234.29,571.43,1
56,2015,570.75,314.29,195.59,477.04,1
56,2016,536.36,429.09,149.09,363.64,1
56,2016,703.64,192.86,48.788,118.99,1
56,2018,687.69,153.85,126.15,307.69,1
56,2019,700,153.85,126.15,307.69,1
56,2020,789.29,402.38,48.788,118.99,1
56,2044,67.5,74,41,100,1
56,2047,67.5,74,41,100,1
56,2057,67.5,74,41,100,1
56,2057,608.46,224.62,63.077,153.85,1
56,2058,636,16,328,800,1
56,2059,743.33,120,273.33,666.67,1
56,2060,823.33,40,273.33,666.67,1
56,2060,692.77,142.37,139.35,339.88,1
56,2061,687.69,153.85,126.15,307.69,1
56,2062,687.69,153.85,126.15,307.69,1
56,2063,687.69,153.85,126.15,307.69,1
56,2108,63.5,74,41,100,1
56,2121,67.5,74,41,100,1
56,2148,35.5,90,41,100,1
56,2185,35.5,90,41,100,1
56,2214,67.5,74,41,100,1
56,2252,663.33,120,273.33,666.67,1
56,2252,816.38,80.874,44.789,109.24,0
56,2253,663.33,120,273.33,666.67,1
56,2254,663.33,120,273.33,666.67,1
56,2255,732,16,328,800,1
56,2256,692.77,142.37,139.35,339.88,1
56,2282,67.5,74,41,100,1
56,2316,405.45,429.09,149.09,363.64,1
56,2317,561.3,288.31,53.3,130,1
56,2318,556.67,93.333,273.33,666.67,1
56,2319,651.16,44.444,304.61,742.94,1
56,2320,716.67,120,273.33,666.67,1
56,2321,740.47,14.815,304.61,742.94,1
56,2321,67.5,78,41,100,1
56,2321,681.82,138.18,149.09,363.64,0
56,2322,700,166.15,126.15,307.69,1
56,2323,687.69,153.85,126.15,307.69,1
56,2324,687.69,153.85,126.15,307.69,1
56,2360,623.5,418,41,100,1
56,2362,67.5,74,41,100,1
56,2363,649.41,187.5,256.89,626.57,1
56,2364,690,120,273.33,666.67,1
56,2365,692.77,142.37,139.35,339.88,0
56,2365,743.33,120,273.33,666.67,1
56,2366,687.69,153.85,126.15,307.69,1
56,2372,67.5,74,41,100,1
56,2409,35.5,90,41,100,1
56,2427,67.5,74,41,100,1
56,2492,67.5,74,41,100,1
56,2494,649.41,137.5,256.89,626.57,1
56,2495,663.33,120,273.33,666.67,1
56,2496,663.33,93.333,273.33,666.67,1
56,2530,67.5,74,41,100,1
56,2546,723.58,314.29,195.59,477.04,1
56,2546,687.69,166.15,126.15,307.69,0
56,2547,663.33,120,273.33,666.67,1
56,2548,724.62,498.46,126.15,307.69,1
56,2548,803.57,426.19,48.788,118.99,0
56,2549,797.88,360.28,58.092,141.69,1
56,2549,752.57,456.74,58.092,141.69,1
56,2550,798.46,486.15,126.15,307.69,1
56,2551,700,153.85,126.15,307.69,1
56,2551,800,14.815,304.61,742.94,1
56,2552,692.77,155.93,139.35,339.88,1
56,2553,742.12,434.97,44.789,109.24,1
56,2579,63.5,74,41,100,1
56,2590,67.5,74,41,100,1
56,2610,67.5,74,41,100,1
56,2613,67.5,74,41,100,1
56,2664,67.5,74,41,100,1
56,2700,53.053,628.57,68.997,168.29,1
56,2700,-0.5,658,41,100,1
56,2701,274.68,692.9,44.789,109.24,1
56,2701,99.649,501.41,115.24,281.08,1
56,2702,257.02,454.24,139.35,339.88,1
56,2703,411.03,510.09,75.336,183.75,1
56,2704,541.86,673.81,48.788,118.99,1
56,2705,540.77,600,63.077,153.85,0
56,2705,602.31,649.23,63.077,153.85,1
56,2705,533.73,433.33,97.8,238.54,1
56,2706,643.5,526,41,100,1
56,2708,734,88,164,400,1
56,2709,690,120,273.33,666.67,1
56,2710,716.67,120,273.33,666.67,1
56,2711,743.33,93.333,273.33,666.67,1
56,2712,770.23,14.815,304.61,742.94,1
56,2713,800,14.815,304.61,742.94,1
56,2714,692.77,155.93,139.35,339.88,1
56,2715,692.77,142.37,139.35,339.88,1
56,2716,687.69,153.85,126.15,307.69,1
56,2717,687.69,153.85,126.15,307.69,1
56,2720,67.5,74,41,100,1
56,2754,67.5,74,41,100,1
56,2779,67.5,74,41,100,1
56,2799,67.5,74,41,100,1
56,2828,574.12,187.5,256.89,626.57,1
56,2829,624.31,112.5,256.89,626.57,1
56,2964,67.5,74,41,100,1
56,2976,774.47,454.24,139.35,339.88,1
56,2976,749.23,301.54,126.15,307.69,0
56,2976,702,88,164,400,0
56,2977,690,120,273.33,666.67,0
56,2978,782,232,164,400,1
56,2978,641.64,365.03,44.789,109.24,1
56,2980,687.69,153.85,126.15,307.69,1
56,2980,241.68,581.51,68.997,168.29,1
56,3009,35.5,90,41,100,1
56,3022,67.5,74,41,100,1
56,3026,63.5,74,41,100,1
56,3056,67.5,74,41,100,1
56,3058,63.5,74,41,100,1
56,3085,67.5,74,41,100,1
56,3119,67.5,74,41,100,1
56,3120,67.5,74,41,100,1
56,3131,663.33,120,273.33,666.67,1
56,3132,688.46,193.85,63.077,153.85,1
56,3132,823.08,43.077,126.15,307.69,1
56,3132,707.26,479.43,58.092,141.69,1
56,3133,663.33,120,273.33,666.67,1
56,3133,940.77,101.54,63.077,153.85,1
56,3134,815.5,462,41,100,1
56,3134,921.54,240,126.15,307.69,1
56,3135,773.89,137.82,68.997,168.29,1
56,3135,834.83,404.35,89.208,217.58,1
56,3135,609.09,283.64,149.09,363.64,1
56,3135,365.8,597.62,48.788,118.99,1
56,3136,574,392,164,400,1
56,3136,663.33,93.333,273.33,666.67,1
56,3136,71,596,82,200,1
56,3137,599.22,162.5,256.89,626.57,1
56,3137,860.18,468.09,58.092,141.69,1
56,3138,575.48,276.92,211.1,514.87,1
56,3138,791.29,578.26,89.208,217.58,1
56,3138,766,280,164,400,1
56,3139,503.33,120,273.33,666.67,1
56,3171,710.7,44.444,304.61,742.94,1
56,3172,690,120,273.33,666.67,1
56,3173,663.33,146.67,273.33,666.67,1
56,3174,748.62,412.99,53.3,130,1
56,3174,811.5,330,41,100,1
56,3174,793.08,236.92,63.077,153.85,1
56,3175,717.4,579.22,53.3,130,1
56,3176,959.23,636.92,63.077,153.85,1
56,3176,686,136,164,400,1
56,3176,903,588,82,200,0
56,3176,895.16,467.23,68.997,168.29,1
56,3177,1069.9,404.35,89.208,217.58,1
56,3281,35.5,90,41,100,1
56,3314,636.67,120,273.33,666.67,0
56,3315,682.86,102.86,234.29,571.43,1
56,3316,743.33,120,273.33,666.67,0
56,3317,687.69,153.85,126.15,307.69,1
56,3317,800,112.5,256.89,626.57,0
56,3318,687.69,153.85,126.15,307.69,1
56,3319,692.77,142.37,139.35,339.88,1
56,3320,67.5,74,41,100,1
56,3321,67.5,74,41,100,1
56,3340,663.33,93.333,273.33,666.67,1
56,3341,663.33,120,273.33,666.67,1
56,3341,895.78,369.57,89.208,217.58,0
56,3342,875.5,366,41,100,1
56,3343,837.7,400,75.336,183.75,1
56,3345,692.77,142.37,139.35,339.88,1
56,3356,63.5,74,41,100,1
56,3371,67.5,74,41,100,1
56,3400,67.5,74,41,100,1
56,3417,63.5,74,41,100,1
56,3423,638.18,429.09,149.09,363.64,1
56,3424,637.14,102.86,234.29,571.43,1
56,3425,636.67,146.67,273.33,666.67,1
56,3426,690,120,273.33,666.67,1
56,3427,696.36,138.18,149.09,363.64,0
56,3427,770.23,14.815,304.61,742.94,1
56,3428,687.69,153.85,126.15,307.69,1
56,3429,687.69,153.85,126.15,307.69,1
56,3433,67.5,78,41,100,1
56,3448,67.5,74,41,100,1
56,3460,151.5,702,41,100,1
56,3463,718.58,371.63,58.092,141.69,1
56,3464,679,188,82,200,1
56,3465,877.54,400,44.789,109.24,1
56,3465,671,260,82,200,1
56,3465,707.5,194,41,100,0
56,3465,622.75,292.86,48.788,118.99,1
56,3467,707.03,373.91,177.66,433.32,1
56,3467,683.5,222,41,100,1
56,3468,690,120,273.33,666.67,1
56,3469,915.37,110.92,68.997,168.29,1
56,3470,663.33,120,273.33,666.67,0
56,3470,770.23,44.444,304.61,742.94,1
56,3471,716.67,93.333,273.33,666.67,1
56,3472,770.23,14.815,304.61,742.94,1
56,3472,687.69,153.85,126.15,307.69,0
56,3473,687.69,153.85,126.15,307.69,0
56,3473,743.33,120,273.33,666.67,1
56,3474,687.69,153.85,126.15,307.69,1
56,3514,67.5,74,41,100,1
56,3629,67.5,74,41,100,1
56,3672,663.33,120,273.33,666.67,1
56,3673,908.63,90.756,68.997,168.29,1
56,3674,690.27,195.74,58.092,141.69,1
56,3675,905.49,76.596,58.092,141.69,1
56,3676,808.28,91.743,75.336,183.75,1
56,3677,756.78,165.14,75.336,183.75,0
56,3677,800,14.815,304.61,742.94,1
56,3678,921.9,56.522,89.208,217.58,1
56,3679,922.11,90.756,68.997,168.29,1
56,3679,855.5,190,41,100,0
56,3679,835.38,326.15,126.15,307.69,1
56,3679,779.19,285.71,106.6,260.01,0
56,3679,879.23,224.62,63.077,153.85,0
56,3680,663.33,120,273.33,666.67,1
56,3680,820,102.86,234.29,571.43,0
56,3680,252.83,692.9,44.789,109.24,1
56,3681,800,137.5,256.89,626.57,1
56,3681,248.46,524.68,106.6,260.01,1
56,3681,711.54,242.62,44.789,109.24,1
56,3682,724.71,187.5,256.89,626.57,1
56,3682,550.91,414.55,149.09,363.64,1
56,3683,728.57,240,234.29,571.43,1
56,3683,686,168,164,400,0
56,3683,251.43,569.57,89.208,217.58,1
56,3683,651.91,305.08,139.35,339.88,0
56,3684,650.77,375.38,126.15,307.69,1
56,3684,707.17,190.16,44.789,109.24,1
56,3685,692.77,142.37,139.35,339.88,1
56,3686,758.23,400,58.092,141.69,1
56,3700,35.5,90,41,100,1
56,3726,257.69,612.31,63.077,153.85,1
56,3727,532.34,678.57,48.788,118.99,1
56,3728,476.67,120,273.33,666.67,1
56,3729,572,-16,328,800,1
56,3730,680.93,44.444,304.61,742.94,1
56,3731,800,12.5,256.89,626.57,1
56,3731,692.77,142.37,139.35,339.88,1
56,3732,700,153.85,126.15,307.69,0
56,3732,650.77,203.08,126.15,307.69,1
56,3733,700,153.85,126.15,307.69,0
56,3733,663.08,190.77,126.15,307.69,1
56,3734,692.77,142.37,139.35,339.88,1
56,3735,692.77,142.37,139.35,339.88,1
56,3745,476.67,120,273.33,666.67,1
56,3746,910,378.46,63.077,153.85,1
56,3746,549.02,187.5,256.89,626.57,1
56,3747,897.69,126.15,63.077,153.85,1
56,3748,703.64,192.86,48.788,118.99,1
56,3749,690,120,273.33,666.67,1
56,3750,723.58,85.714,195.59,477.04,1
56,3751,770.23,14.815,304.61,742.94,1
56,3751,692.77,142.37,139.35,339.88,0
56,3752,672.28,185.92,115.24,281.08,1
56,3753,695.93,202.6,106.6,260.01,0
56,3753,751.43,217.14,234.29,571.43,1
56,3753,727.8,381.82,53.3,130,0
56,3754,649.41,162.5,256.89,626.57,1
56,3755,798.81,240.48,48.788,118.99,1
56,3755,510,376,164,400,1
56,3755,823.85,464.62,63.077,153.85,1
56,3755,860.95,386.96,89.208,217.58,1
56,3756,380.9,547.62,97.8,238.54,0
56,3756,425.37,535.06,106.6,260.01,1
56,3760,67.5,74,41,100,1
56,3762,67.5,74,41,100,1
56,3784,1183.3,649.18,44.789,109.24,1
